1.479008826888724037e+01
1.426869625060677826e+01
1.435072395441839888e+01
1.292221326501120870e+01
1.419148547279362838e+01
1.438952226554076397e+01
1.374060474795445863e+01
1.274038931159425481e+01
1.332880379299919937e+01
1.445470125232680481e+01
1.405149684603606275e+01
1.327548043065707972e+01
1.440792939068950673e+01
1.422368301306719829e+01
1.296782576726728209e+01
1.274781655817093906e+01
1.408392099494355953e+01
1.520145291561846257e+01
1.297459612892183145e+01
1.406585283924584395e+01
1.344357050411171706e+01
1.358782047574878504e+01
1.430001162162087169e+01
1.399496348902398424e+01
1.419222970754330859e+01
1.322025428892425936e+01
1.380554396914382309e+01
1.352118231724171160e+01
1.410278211844145346e+01
1.443003285530776836e+01
1.436946116345521673e+01
1.543501015186063974e+01
1.382176145814575285e+01
1.377992464091451019e+01
1.433858761931212911e+01
1.402837564336793541e+01
1.481285361557991109e+01
1.405711317725504905e+01
1.303515869413332062e+01
1.416000982336587555e+01
1.387696025646259912e+01
1.278274007960332703e+01
1.292130293004599650e+01
1.399856164545415993e+01
1.492051989869894157e+01
1.405603552434312320e+01
1.427951648195411671e+01
1.423547839200567289e+01
1.468584253768557701e+01
1.513931886580684605e+01
1.408378283591672897e+01
1.464111272678096753e+01
1.419808989355501083e+01
1.599529224270976613e+01
1.320445019724920144e+01
1.434131814245693093e+01
1.399872360181297104e+01
1.464999915905915451e+01
1.503333312391091425e+01
1.351254846167044477e+01
1.381584443425665754e+01
1.389667491280701306e+01
1.389143092766066090e+01
1.339555876490122621e+01
1.288348140937582542e+01
1.428977173242933141e+01
1.403438865735279428e+01
1.373596906037141174e+01
1.342420575328718613e+01
1.353098399320425749e+01
1.337599798806725815e+01
1.417665179323767610e+01
1.494027179028249286e+01
1.370566588048154166e+01
1.436835354856210145e+01
1.468202004512405701e+01
1.423943754831325315e+01
1.339818170457780866e+01
1.325279681503130647e+01
1.291054971850356736e+01
1.266414430702167238e+01
1.463503581959261268e+01
1.411403705590729984e+01
1.400105949401059213e+01
1.359652582122536657e+01
1.437756819820923937e+01
1.398667330246450469e+01
1.222525942319282422e+01
1.263590153586494402e+01
1.276589261837879619e+01
1.458946646737615893e+01
1.277794547711854634e+01
1.402913387169633097e+01
1.485023598137127188e+01
1.397030389137393058e+01
1.401999736201248226e+01
1.442969678321684945e+01
1.321687426561057777e+01
1.383411712174028807e+01
1.361398652119473240e+01
1.449158893951482341e+01
1.309100483901231904e+01
1.254328705186744131e+01
1.458768683880475159e+01
1.407114424337066616e+01
1.365200171743786406e+01
1.421212666645106815e+01
1.469157329712781213e+01
1.381192830691853501e+01
1.462154499116515183e+01
1.404350240933064420e+01
1.442998496433203748e+01
1.448530555626110505e+01
1.397789259697613673e+01
1.410055688723231526e+01
1.235807312175831640e+01
1.476383509391152238e+01
1.453019854383729026e+01
1.464211765251488373e+01
1.424014885164122468e+01
1.301732444871353778e+01
1.536862525191366480e+01
1.400143926673600703e+01
1.481906778766083121e+01
1.446941702183714895e+01
1.380694453159307322e+01
1.385147479732729359e+01
1.436462344461873819e+01
1.324532500281978997e+01
1.407002373938228779e+01
1.500194469137821329e+01
1.460837746943694526e+01
1.455023129467121024e+01
1.530446995201211102e+01
1.410345508864591757e+01
1.324273502167788763e+01
1.332504753180009871e+01
1.475590566373578127e+01
1.439152873222011131e+01
1.387181014999652362e+01
1.405819979875290038e+01
1.345445487103512505e+01
1.253295780423832539e+01
1.342799124500775498e+01
1.438766712772569711e+01
1.425248511517221317e+01
1.420486891307289667e+01
1.409034740886458970e+01
1.327476689588409009e+01
1.454613310326426401e+01
1.353810715873978943e+01
1.370648665148206113e+01
1.228449409735794617e+01
1.445592510864682190e+01
1.460586710455417858e+01
1.385465484041929685e+01
1.566372265640369399e+01
1.414151806244885634e+01
1.316450721357511178e+01
1.393540861829889543e+01
1.346610270054543612e+01
1.315732318565541803e+01
1.452538558501789723e+01
1.273380086486209528e+01
1.332934979089584004e+01
1.404605321380326188e+01
1.326289345362987504e+01
1.407912061702111295e+01
1.262166479927563678e+01
1.447303389550901898e+01
1.321336459830549970e+01
1.325993294223639474e+01
1.403875663516087435e+01
1.269869033781456835e+01
1.414310874886314728e+01
1.435737779773241662e+01
1.413571243633266228e+01
1.406994820205355978e+01
1.403368442538546823e+01
1.430820212446099937e+01
1.436567151928126229e+01
1.463845785247069387e+01
1.332514559243196217e+01
1.465260575555157097e+01
1.498392538940670882e+01
1.360828078570042976e+01
1.363182297584897640e+01
1.306653320877634883e+01
1.366093537928005297e+01
1.306354576996734451e+01
1.339778880172612752e+01
1.475612233145093022e+01
1.524636657472100865e+01
1.465379759595385245e+01
1.373404034778998906e+01
1.367710805079958902e+01
1.437826958833713675e+01
1.459440613633343453e+01
1.509255026065186200e+01
1.483633036467518984e+01
1.253587403581510884e+01
1.410457980024716385e+01
1.324471064977491785e+01
1.364492070025132975e+01
1.347585242178993781e+01
1.510897565325107550e+01
1.428132923092029749e+01
1.351117409299726191e+01
1.496704912009658628e+01
1.343418764136520061e+01
1.350009580031663958e+01
1.389538763726038972e+01
1.270929400716231328e+01
1.409313881051673434e+01
1.323864254872832191e+01
1.376817071997482422e+01
1.506014281835523150e+01
1.388228561420452856e+01
1.348632782053354617e+01
1.447628788134398903e+01
1.371325094551895596e+01
1.444356907150191915e+01
1.455820029340657129e+01
1.391702223581916442e+01
1.405388037562024017e+01
1.368868279755861472e+01
1.385301145780863408e+01
1.395269886175502627e+01
1.438853121585703576e+01
1.378149887159809772e+01
1.478999925913569946e+01
1.433321770237793835e+01
1.314132121150547050e+01
1.476509715727428862e+01
1.381801964914275871e+01
1.335150515821003836e+01
1.399237635365346577e+01
1.361855695475378880e+01
1.365127987285822719e+01
1.406539986649039875e+01
1.495946447545375335e+01
1.353603202198221922e+01
1.348256965889984293e+01
1.493048490763189307e+01
1.405919231129102442e+01
1.405368780835289577e+01
1.500290374048145203e+01
1.266365919309309085e+01
1.371622115127280495e+01
1.425801560389147937e+01
1.359739964134644552e+01
1.455456056668899301e+01
1.487333921413192073e+01
1.407754844978325082e+01
1.431862480042321017e+01
1.422600057849026989e+01
1.397209800744262509e+01
1.291284458109747746e+01
1.451839381318824351e+01
1.372926128478542473e+01
1.411188075567114097e+01
1.429842409792719771e+01
1.328324463444984360e+01
1.520316845421592866e+01
1.403050030576075535e+01
1.410560667881087937e+01
1.455450984574663487e+01
1.477395572076611963e+01
1.366332817621700180e+01
1.476572130761328161e+01
1.507147377322074888e+01
1.349507204553677653e+01
1.335782421621798122e+01
1.454849369611926235e+01
1.482798528707344232e+01
1.509334021557797101e+01
1.378338117156171627e+01
1.341380395349971266e+01
1.296237742427629769e+01
1.372039430227344781e+01
1.432562160624745928e+01
1.368380996266010463e+01
1.476082006220329568e+01
1.453090413403455372e+01
1.348719595238360114e+01
1.288807931797335016e+01
1.454071505483298843e+01
1.410537343004075339e+01
1.419819593725428675e+01
1.410258910897047713e+01
1.318177071106213560e+01
1.385237321406757971e+01
1.413544216351869132e+01
1.415128966673507804e+01
1.445429988146387679e+01
1.389087326639379683e+01
1.427364110470384695e+01
1.283585822632283069e+01
1.569325021478289983e+01
1.276076044621935957e+01
1.431405160419851974e+01
1.385983128706533485e+01
1.413928381411084167e+01
1.505728177154684388e+01
1.375557333911239866e+01
1.507444804456207699e+01
1.188868293107704233e+01
1.402974763895461408e+01
1.372518889529090913e+01
1.382531173567598692e+01
1.516145211259785341e+01
1.462572044689161288e+01
1.440636627021798866e+01
1.409733959851492635e+01
1.293814444191160540e+01
1.330019979163242816e+01
1.456922731473277111e+01
1.335823519360714506e+01
1.384271599798947605e+01
1.526825687627643369e+01
1.326775345768273695e+01
1.427846305098558410e+01
1.365739956794052112e+01
1.309088890584658138e+01
1.418162156942367957e+01
1.355008129476169820e+01
1.396506145022695122e+01
1.354815272837700313e+01
1.446634697913817291e+01
1.379329475924124360e+01
1.274724399753318593e+01
1.370185769775327778e+01
1.369900881454068831e+01
1.423587345983740526e+01
1.455516922377055700e+01
1.505958191346577379e+01
1.354691204774020363e+01
1.409163540106805002e+01
1.424457914676680126e+01
1.503187424931152982e+01
1.311510790948653771e+01
1.478173906337446830e+01
1.392779698759892781e+01
1.466610823416728415e+01
1.465060502745072668e+01
1.530531101437113506e+01
1.406648937123524945e+01
1.487679928731857437e+01
1.576719592718668395e+01
1.468337622823143285e+01
1.412188445224004774e+01
1.430237001299384758e+01
1.327093164375027357e+01
1.531884464540489610e+01
1.470971784185113762e+01
1.361791488466241162e+01
1.271399253968482590e+01
1.358278148627620041e+01
1.379979915750958419e+01
1.427022076374820436e+01
1.385214688190341903e+01
1.433055929231538173e+01
1.470818908433026984e+01
1.440731746952606329e+01
1.345079205188091009e+01
1.250477561829477580e+01
1.350217953795201886e+01
1.391477494547672578e+01
1.402385902300639486e+01
1.341445165457711042e+01
1.499290769730633421e+01
1.408537540297258062e+01
1.340811631048887698e+01
1.458557715728162663e+01
1.431764057419485781e+01
1.428038900905966990e+01
1.332683986137285537e+01
1.426145299001976952e+01
1.391448752255810284e+01
1.372310773854166577e+01
1.406841726897192579e+01
1.398052135337332125e+01
1.440022269490990858e+01
1.460281296514854610e+01
1.429301305145824053e+01
1.235483464464481074e+01
1.354058285312224363e+01
1.329283792800931963e+01
1.389526320721460451e+01
1.496711502583523057e+01
1.462955251388539324e+01
1.449269481646361157e+01
1.478024429712644583e+01
1.548574107675824330e+01
1.546349936887231635e+01
1.486536154128997289e+01
1.412405269761448601e+01
1.381924576445688047e+01
1.433968831744276251e+01
1.407464816012260833e+01
1.415491037769608162e+01
1.330709056720559857e+01
1.402093327033897907e+01
1.463940589988853702e+01
1.296785271053210487e+01
1.486235018065086244e+01
1.405806135747664065e+01
1.429507968830591302e+01
1.484711385074753487e+01
1.295659535817995156e+01
1.350274564052385706e+01
1.321463278058205404e+01
1.364289413124956951e+01
1.476006364437661844e+01
1.375647114323387399e+01
1.358394326557250764e+01
1.386875112135182064e+01
1.338231102536009054e+01
1.307564309050940921e+01
1.418476805993190304e+01
1.371490876090781974e+01
1.551206362071806311e+01
1.416497430689187276e+01
1.295550525840666012e+01
1.490179343270283141e+01
1.357637623228845136e+01
1.418877764674946995e+01
1.392352824424025748e+01
1.348427870209379620e+01
1.477013224476795372e+01
1.329775787682468469e+01
1.321150407672523031e+01
1.425232016487357711e+01
1.261929724388938290e+01
1.398792397182301528e+01
1.448113959553813501e+01
1.372394135961188510e+01
1.479857139919460174e+01
1.313628016250195429e+01
1.458129323651984244e+01
1.439544003305850595e+01
1.510292969157464604e+01
1.541935365260420099e+01
1.560947226159892054e+01
1.465612458488517333e+01
1.453340411059852322e+01
1.308123529948496433e+01
1.409037522508535289e+01
1.406149621182842502e+01
1.386301368131953282e+01
1.542956585294448146e+01
1.315154888138377487e+01
1.267780570888772829e+01
1.334860885505278283e+01
1.433195786054219134e+01
1.339296394670776458e+01
1.319489042660497802e+01
1.359375951743668232e+01
1.410173477567258971e+01
1.280184895124229705e+01
1.485870023080215852e+01
1.408337774099875794e+01
1.547081149223164687e+01
1.429633483258540672e+01
1.433518160436738142e+01
1.458422533160035250e+01
1.380174714860920737e+01
1.404543817775148362e+01
1.315745070718054954e+01
1.362337124594431081e+01
1.407620826373462108e+01
1.225806497411093865e+01
1.442454864751229771e+01
1.304539093242037495e+01
1.344796603554083880e+01
1.364850720964766140e+01
1.246081634287573969e+01
1.258613043718609248e+01
1.408461337480668973e+01
1.264538747316672662e+01
1.419879382469409812e+01
1.440389027752165951e+01
1.393616133545831381e+01
1.406527711806443293e+01
1.406519831373782026e+01
1.498309846378718824e+01
1.277254593612993538e+01
1.429774852961387488e+01
1.394638337665136696e+01
1.371521909344948753e+01
1.454318441716395327e+01
1.400752218419973971e+01
1.387137555821050761e+01
1.262387567075386663e+01
1.361132409021671208e+01
1.427327767464359631e+01
1.430374443703923859e+01
1.444353667912428207e+01
1.389476215294145689e+01
1.450005943131203701e+01
1.426673511950679085e+01
1.429816793431885991e+01
1.277927024378746523e+01
1.432494962838096697e+01
1.432051511266682553e+01
1.402355078396210430e+01
1.397395057270903784e+01
1.442328875909735686e+01
1.328300455586176554e+01
1.401863447166965138e+01
1.374873980809185525e+01
1.279441883025947213e+01
1.325034897912456877e+01
1.377003627603303038e+01
1.332070982560933459e+01
1.315813149641279978e+01
1.362975273854400449e+01
1.403343859243171643e+01
1.448466632501560269e+01
1.371900214853402211e+01
1.259869819709161476e+01
1.431894744792808183e+01
1.467892777558739326e+01
1.348258627517125419e+01
1.460199551761077075e+01
1.511458320852171866e+01
1.346782506062680262e+01
1.332964520692570609e+01
1.318373139816630868e+01
1.342711113237297305e+01
1.360774374703197687e+01
1.459569116654129495e+01
1.371462955210155243e+01
1.353810040637574907e+01
1.444471616524471358e+01
1.465163094352529072e+01
1.351720232024954171e+01
1.403715544120417569e+01
1.433713603025696237e+01
1.420367306794969764e+01
1.426689146431605337e+01
1.292063411518113725e+01
1.309308076623123540e+01
1.369082192804557785e+01
1.274269989076224086e+01
1.494530627196751738e+01
1.460902952374969388e+01
1.515797115397860395e+01
1.371442624131320365e+01
1.410654444028970467e+01
1.476238820040571120e+01
1.418489218181834666e+01
1.410810312351107854e+01
1.571382094300023269e+01
1.325125979924164632e+01
1.518484966695005944e+01
1.530322421520916087e+01
1.425937658961080245e+01
1.391709118606515538e+01
1.427640566427625757e+01
1.265421329917616511e+01
1.387104024450807138e+01
1.433976109934517496e+01
1.329253442869898194e+01
1.345652352585603495e+01
1.511170771936919444e+01
1.481463491220064910e+01
1.333255244959444141e+01
1.291749063164562195e+01
1.407167651020555077e+01
1.336023821224298480e+01
1.495549081779121714e+01
1.368537167696242562e+01
1.368763570615279868e+01
1.346272903717155422e+01
1.364475618470694762e+01
1.311117447176256867e+01
1.432919323331387673e+01
1.456012674236395199e+01
1.398438420984352959e+01
1.514044953322554399e+01
1.206102723228991280e+01
1.326064565912775706e+01
1.370129024736770695e+01
1.465746701690307319e+01
1.329172928039456814e+01
1.272137056669089361e+01
1.460522673953356509e+01
1.518723519361353524e+01
1.331302769106508421e+01
1.379195143575539895e+01
1.274659026471430145e+01
1.357453344540182805e+01
1.353626313809075654e+01
1.403938502690813905e+01
1.538503809210279449e+01
1.322046563147693732e+01
1.389322778887358645e+01
1.390278417760544194e+01
1.271094545665857822e+01
1.535629680828689025e+01
1.407541203356406179e+01
1.458797460506239752e+01
1.428987515876067249e+01
1.391041938991473970e+01
1.387220394793603262e+01
1.459714941032787827e+01
1.460653940003113149e+01
1.371430533842604582e+01
1.466099946486345473e+01
1.407420848520681744e+01
1.494250917376501597e+01
1.415056405680175189e+01
1.463219568552096561e+01
1.463387217584328859e+01
1.454441034745154049e+01
1.287850127605321049e+01
1.428102440928306116e+01
1.524427575015259073e+01
1.288889182793350585e+01
1.495480760039401602e+01
1.368630918369102112e+01
1.352174465026278227e+01
1.386946789816243886e+01
1.339202658010876412e+01
1.333178047664404176e+01
1.406301534393149666e+01
1.368833350777569713e+01
1.437183934950667563e+01
1.457808346783528108e+01
1.506767109228909263e+01
1.531293816102278704e+01
1.471442701713278645e+01
1.444052307737533880e+01
1.440913149884674205e+01
1.400383817284032695e+01
1.371077534294054523e+01
1.445806529425384568e+01
1.300568845736150436e+01
1.324982098134547570e+01
1.344615074924913678e+01
1.311494562983573431e+01
1.396752104568393271e+01
1.525162043689554991e+01
1.464009778695816522e+01
1.303431668925055398e+01
1.432542397273602930e+01
1.377760979394662577e+01
1.446580525179004262e+01
1.345717665020160325e+01
1.480798708452393875e+01
1.307321275394772897e+01
1.349903422310231882e+01
1.419371751152272054e+01
1.459162772256022933e+01
1.443301464797819023e+01
1.492642026687651402e+01
1.349479546156064735e+01
1.416256776088241587e+01
1.239089434965964642e+01
1.510912042088736129e+01
1.451860869352646155e+01
1.467802421777872368e+01
1.316679385681239189e+01
1.389579579452128577e+01
1.413367664531510393e+01
1.412017703729857843e+01
1.410923055791432112e+01
1.376041912002168566e+01
1.313126327300879836e+01
1.389898280392762331e+01
1.334750812380587348e+01
1.377966679294608632e+01
1.329436882006982579e+01
1.403936075989322951e+01
1.391822938227265460e+01
1.297465693409409937e+01
1.447872086983382189e+01
1.370095857548874996e+01
1.443610416881386449e+01
1.395141586087815710e+01
1.274964925515157432e+01
1.479433898998852293e+01
1.448995820987297023e+01
1.347367810225821394e+01
1.367368743818739851e+01
1.342310965045664695e+01
1.461058790162054066e+01
1.443299469401786084e+01
1.409848086597688344e+01
1.447139715169760699e+01
1.292856511997130298e+01
1.294997461745134615e+01
1.427166900235159908e+01
1.371700995506776444e+01
1.403463362640757417e+01
1.247758028428561161e+01
1.390084344038521458e+01
1.418262101502322281e+01
1.499134599337856599e+01
1.322821692986168785e+01
1.438428907484392738e+01
1.351444894764890137e+01
1.516435173151448446e+01
1.430041157455287859e+01
1.407500580773294807e+01
1.455181048862807991e+01
1.496218128025822125e+01
1.314007330172399257e+01
1.381916594521543651e+01
1.401425764539952645e+01
1.592353010078001319e+01
1.316087963601287925e+01
1.279819647036688757e+01
1.454688304989913838e+01
1.478656872242177656e+01
1.338708737241065094e+01
1.374107561466291827e+01
1.325977512967048355e+01
1.380904705594012860e+01
1.349819834408330621e+01
1.409969388179479388e+01
1.394424961396293305e+01
1.392721313443658460e+01
1.298544782547640608e+01
1.420650293399423880e+01
1.234401341685324738e+01
1.321731680677220844e+01
1.359058079702441724e+01
1.426212978484377558e+01
1.337318985588023956e+01
1.426864103445226917e+01
1.439199621294874731e+01
1.432264132003920665e+01
1.419592914738401035e+01
1.332282630397418011e+01
1.252707668624899640e+01
1.440831128106244741e+01
1.307584640868969927e+01
1.469037875159033391e+01
1.280785823278340985e+01
1.544143318201269111e+01
1.295067193035297137e+01
1.418458377899864509e+01
1.523604035222629882e+01
1.365076594330416526e+01
1.257796017766568752e+01
1.437001637357106532e+01
1.351105346596027168e+01
1.401528640752942501e+01
1.309097167788101679e+01
1.271701936047141146e+01
1.381197611197256414e+01
1.344783772797708998e+01
1.354742348854039413e+01
1.331951732425915225e+01
1.398540633351139562e+01
1.370643420873641460e+01
1.415166254778652188e+01
1.400656737576721689e+01
1.389584971747232167e+01
1.556161243473041367e+01
1.356753997333839301e+01
1.497101338038796214e+01
1.278347584549387683e+01
1.456666554819529225e+01
1.490751521587715622e+01
1.409964326679227753e+01
1.317533910945490483e+01
1.407395676827257525e+01
1.447941237426133654e+01
1.416420101166297485e+01
1.358942804435555018e+01
1.298209090521076448e+01
1.471064807574116351e+01
1.361710042754409145e+01
1.280203086714663030e+01
1.332578580261411538e+01
1.477298551778942759e+01
1.405072064000302134e+01
1.322734635556552973e+01
1.369428273746460434e+01
1.398121934185256876e+01
1.431267023948943873e+01
1.372768044410167576e+01
1.414403064325434656e+01
1.514963122133447548e+01
1.388568959473836451e+01
1.439715903228148797e+01
1.392472311641835248e+01
1.437843176173647919e+01
1.317077177950572064e+01
1.418971135011347862e+01
1.231922316551087349e+01
1.390353929059620341e+01
1.316621125705431972e+01
1.474010613648655976e+01
1.472584245418362769e+01
1.465693816108592173e+01
1.338909777038585958e+01
1.237568161555161339e+01
1.388706776024035960e+01
1.287021816746375436e+01
1.296925375779009926e+01
1.371615805152489997e+01
1.396904620904313710e+01
1.326005722253552754e+01
1.301091671963397722e+01
1.417633447206493180e+01
1.420430375474403029e+01
1.394954297589374548e+01
1.382760658733365489e+01
1.454562204444553686e+01
1.438616806072447041e+01
1.437899125830286451e+01
1.468130223808240054e+01
1.442239257643763928e+01
1.411831574426871860e+01
1.401012494552188592e+01
1.263569876726372776e+01
1.330543418622834118e+01
1.567765903390295001e+01
1.655071872826713530e+01
1.486079394301058620e+01
1.411938437205439456e+01
1.302157572369887362e+01
1.293772128646006614e+01
1.418032861094325980e+01
1.501047135188694170e+01
1.331689098221717948e+01
1.435339470577944532e+01
1.320010914901391885e+01
1.371178431502552364e+01
1.296037297502517482e+01
1.370138462021682813e+01
1.506858316602588488e+01
1.490104781785879240e+01
1.452940301035089199e+01
1.447941450400380425e+01
1.541352163982030632e+01
1.432552550518040135e+01
1.362249455656502484e+01
1.270156363563723190e+01
1.357686824331782027e+01
1.430097615492043062e+01
1.352439119982834370e+01
1.429663490802783699e+01
1.602291492617333191e+01
1.406167759894906766e+01
1.363885324460811788e+01
1.301152127380763979e+01
1.472843414994728839e+01
1.434954934601575971e+01
1.445811997127699833e+01
1.483279540184365963e+01
1.328231629286501558e+01
1.420223542455183718e+01
1.297859495639450778e+01
1.344614423404741288e+01
1.370078023780882326e+01
1.435100966883434737e+01
1.336187452855896929e+01
1.410212423374719215e+01
1.498744123827224151e+01
1.484941763900408418e+01
1.401498568121332511e+01
1.552797297487990669e+01
1.322156069137570888e+01
1.440751851306367115e+01
1.308160842732519136e+01
1.386248799121928243e+01
1.525412639136537507e+01
1.553614949028972347e+01
1.324988347616924855e+01
1.423254779463197828e+01
1.339558454808449817e+01
1.350778760621616037e+01
1.514707139971803507e+01
1.376079593607656371e+01
1.368508524335704912e+01
1.304876712169111919e+01
1.417292996645174163e+01
1.468044605238380029e+01
1.475747704068481170e+01
1.356386877840607674e+01
1.393560628918777766e+01
1.442158869714131519e+01
1.353136453120811034e+01
1.264528014534111300e+01
1.409215442341873725e+01
1.446054088948691074e+01
1.322575269054408409e+01
1.282229150889698133e+01
1.463008618961224627e+01
1.387553532247520849e+01
1.439313506395465225e+01
1.507187194880967596e+01
1.352151626931058281e+01
1.384933833156837046e+01
1.433358295425120588e+01
1.436219494776926453e+01
1.505889639940028246e+01
1.328465547868225194e+01
1.415673877001520609e+01
1.417861064964400164e+01
1.405840595159646789e+01
1.302652784916865158e+01
1.313632534401442342e+01
1.407947294280779360e+01
1.376799201270209672e+01
1.477710991722200617e+01
1.321560819213565452e+01
1.453543939850913347e+01
1.400396473576533474e+01
1.537600794052805853e+01
1.358643394212307953e+01
1.362791382867687950e+01
1.407981587985401362e+01
1.356024914643579748e+01
1.331429337391617729e+01
1.570711784092451424e+01
1.289777764074762700e+01
1.461975007530908499e+01
1.486342914235716073e+01
1.398673395339064207e+01
1.266736070211425158e+01
1.473582454923514007e+01
1.324715935856527693e+01
1.289960067725108495e+01
1.410126802745922170e+01
1.412181957047910963e+01
1.440365100453284164e+01
1.374320055105986427e+01
1.326315217689082360e+01
1.323641802776129772e+01
1.453737988370231982e+01
1.331316387778728583e+01
1.451211593790321430e+01
1.252245275352447784e+01
1.413823348902844756e+01
1.307495475341745106e+01
1.320782501393187580e+01
1.392333051962244639e+01
1.370122978623291843e+01
1.464182973324175485e+01
1.350889657477766725e+01
1.400637614990339053e+01
1.360181747645015093e+01
1.329925052744154179e+01
1.484940157962788554e+01
1.265020506648264487e+01
1.424143646437367039e+01
1.311764822488682114e+01
1.297130859157357996e+01
1.433391479743117536e+01
1.491283761846866796e+01
1.601668760539395819e+01
1.402461271927995234e+01
1.405931787915001685e+01
1.473347642749816977e+01
1.391736782302869635e+01
1.409331681611457654e+01
1.451775919524348524e+01
1.488331340071565023e+01
1.350391698663837481e+01
1.442236395127829951e+01
1.348553533749811528e+01
1.311944976704556609e+01
1.333806761907793970e+01
1.497052621352318269e+01
1.253220796655749325e+01
1.325345769398670370e+01
1.309128180365479288e+01
1.426097799488821849e+01
1.367861677615444549e+01
1.354023449919301925e+01
1.386525377575898688e+01
1.317912885853177229e+01
1.324341642488027482e+01
1.353817717271923904e+01
1.352190101899776842e+01
1.473192059324076197e+01
1.290509289744182198e+01
1.566311138990546326e+01
1.199017294265030742e+01
1.493537559672696347e+01
1.459130849830706644e+01
1.398211029225602609e+01
1.478205967639353346e+01
1.432096984584546462e+01
1.424570805063035017e+01
1.459495001256433255e+01
1.390900533257531357e+01
1.391891301901036471e+01
1.263949148637327013e+01
1.337434325784692568e+01
1.466261089633481163e+01
1.372319966941721425e+01
1.450931285996668940e+01
1.352017780123896884e+01
1.409904304015097765e+01
1.361640924802448716e+01
1.337427904907254117e+01
1.291210542808426354e+01
1.389236125009857581e+01
1.246515579152419129e+01
1.421216619914756585e+01
1.448085143196222724e+01
1.268250314788848598e+01
1.427905272895158539e+01
1.417746285272943219e+01
1.563531261616902768e+01
1.423679234794887094e+01
1.409461802051717960e+01
1.374722619625061881e+01
1.330865035641362937e+01
1.395410607196127906e+01
1.320587272279966484e+01
1.448601346684771052e+01
1.462357565964258654e+01
1.289288125152993381e+01
1.431174487566510045e+01
1.400066742831286959e+01
1.425659047735550544e+01
1.473795477994480230e+01
1.339962069494819730e+01
1.370774733810325863e+01
1.337838571358415685e+01
1.459153986579324069e+01
1.401422693381066509e+01
1.271978275643148670e+01
1.286865899620028486e+01
1.346644382672225326e+01
1.470985228283056756e+01
1.254912483740887374e+01
1.505507469401583975e+01
1.421908577390036577e+01
1.526245809773726769e+01
1.354514565456389974e+01
1.378430440934759993e+01
1.501322058941822135e+01
1.359843567864728087e+01
1.337457869722782888e+01
1.512878811829157044e+01
1.375567670983628332e+01
1.430099021315119323e+01
1.427487488909913438e+01
1.374785372230636149e+01
1.389361172461411975e+01
1.452846671060122397e+01
1.446552526793237980e+01
1.289417216268497057e+01
1.367468666040554304e+01
1.378287529762951102e+01
1.406493296852511854e+01
1.380308030274146169e+01
1.350178916770429893e+01
1.347898764987631282e+01
1.280345656974523649e+01
1.392441526298012811e+01
1.385018824325429954e+01
1.435492650198706421e+01
1.326702156643807484e+01
1.434330551635106055e+01
1.261612354385813006e+01
1.380322648587787704e+01
1.400251737188870038e+01
1.299980917570071703e+01
1.289137020558383995e+01
1.480195256273532856e+01
1.518469279357952750e+01
1.334851103610171741e+01
1.372431320781405262e+01
1.444466141262908110e+01
1.447117931529863455e+01
1.367985380764240588e+01
1.404827038311805332e+01
1.530436666685823788e+01
1.435231315601623869e+01
1.561416107340761883e+01
1.363286550558862764e+01
1.315708228173476613e+01
1.386765656352257636e+01
1.423350232988604702e+01
1.436105092568691965e+01
1.340913691516004569e+01
1.498439594958364296e+01
1.417843145038203190e+01
1.402927397228766182e+01
1.404029731525626801e+01
1.369604220698903596e+01
1.347689022995059460e+01
1.459944432405300319e+01
1.367744715484302098e+01
1.436728071289153874e+01
1.449977334095154902e+01
1.373522557469832606e+01
1.555534238154310600e+01
1.427185942862002221e+01
1.376745605641246861e+01
1.492514804286492236e+01
1.288955708338267492e+01
1.354897148818896468e+01
1.389185179166977058e+01
1.411790840036574934e+01
1.521244239413791099e+01
1.333415991819680357e+01
1.378446679534211050e+01
1.371923607351304675e+01
1.326953393849893992e+01
1.409502734282308190e+01
1.429529304662003497e+01
1.462227057728076041e+01
1.380561885124763144e+01
1.327103817403399155e+01
1.412976011077709160e+01
1.410827515532660215e+01
1.374292298249980604e+01
1.272183084531417663e+01
1.583650087779310311e+01
1.495109490074534087e+01
1.477259756728142648e+01
1.389232324525364071e+01
1.349837196089722724e+01
1.350239396017726712e+01
1.408545712109936865e+01
1.384112396384462507e+01
1.322888196138244332e+01
1.464558229561441927e+01
1.543961169442212089e+01
1.472938640111505570e+01
1.448675898633899983e+01
1.414234845853137834e+01
1.374528998918298051e+01
1.385461585980926458e+01
1.244636951136271819e+01
1.360403322408897253e+01
1.421666480815733991e+01
1.329525724533111486e+01
1.505185463372225385e+01
1.378817217526831485e+01
1.480697026188694032e+01
1.441317505530941823e+01
1.456119349009361663e+01
1.356177312120765421e+01
1.487340430440174899e+01
1.235494176601969940e+01
1.401461525365220417e+01
1.396233338585992101e+01
1.450441660818047929e+01
1.362484502756735516e+01
1.477767192274717445e+01
1.356599114856400057e+01
1.524555664016972045e+01
1.309431442150791902e+01
1.426850032886764907e+01
1.475136253161600663e+01
1.341263843167286396e+01
1.527884193937194190e+01
1.442189340329829861e+01
1.371304655495175417e+01
1.336153836203272860e+01
1.554414051729479418e+01
1.452993277105392345e+01
1.374034983491260142e+01
1.472979114334785677e+01
1.511680368182394751e+01
1.366947527258100337e+01
1.374576662865153054e+01
1.240104764066380838e+01
1.274794861115669242e+01
1.479727391642682122e+01
1.294508677314732914e+01
1.308761035012370222e+01
1.579669200658357475e+01
1.312250415502805190e+01
1.510346691862779345e+01
1.427078541122105193e+01
1.358137573769581863e+01
1.412364002119683271e+01
1.459861104617730909e+01
1.312284011848063692e+01
1.537292273118250030e+01
1.385931991768678095e+01
1.388212277781886428e+01
1.378571390594495227e+01
1.460589897199102438e+01
1.558103884381033488e+01
1.447980545760551330e+01
1.237340132246373336e+01
1.271941184530046698e+01
1.310838544913944936e+01
1.451384033215155434e+01
1.351779358304687406e+01
1.356327689948639659e+01
1.299439185937296060e+01
1.377342868887084393e+01
1.435094716821091865e+01
1.365589572687287934e+01
1.412791603470498458e+01
1.354844468093356014e+01
1.354751355919014344e+01
1.478325160913613168e+01
1.364055436112412600e+01
1.474791777126674397e+01
1.381587135192824434e+01
1.408282185170904377e+01
1.399615410043858432e+01
1.385469613668272792e+01
1.347134990580024905e+01
1.419118639841546425e+01
1.503824553552504995e+01
1.461238328002503728e+01
1.282459734513276217e+01
1.334077646131138550e+01
1.422168211063992160e+01
1.450457957795049957e+01
1.529523175947401192e+01
1.454592639066810023e+01
1.491652940356545898e+01
1.350826039533943046e+01
1.340479684544713734e+01
1.415575012207925276e+01
1.327434078628411385e+01
1.344290835308521714e+01
1.466646403371403196e+01
1.437487371317575580e+01
1.526089928292122266e+01
1.295219645083109938e+01
1.424387939749487231e+01
1.347558349567627900e+01
1.327547978121926420e+01
1.472920161356059054e+01
1.482395027335426718e+01
1.378361715396525788e+01
1.458484402148906511e+01
1.421273118603587093e+01
1.358741253485155376e+01
1.420059691419189640e+01
1.419984517430961546e+01
1.410009136105593441e+01
1.362860208614832125e+01
1.400844173754550859e+01
1.537294818356815185e+01
1.335862374922588458e+01
1.358088332408971866e+01
1.445575269405604146e+01
1.356030109664840744e+01
1.402590407576357556e+01
1.349921407870902712e+01
1.394101013785943266e+01
1.241384259303763393e+01
1.519649351660418901e+01
1.346131153313060658e+01
1.377201179932800201e+01
1.500227437984872481e+01
1.420920844358924029e+01
1.504573342206135322e+01
1.391389965963612063e+01
1.377762854838779027e+01
1.446338184013315775e+01
1.331273380285943908e+01
1.378875922969178092e+01
1.365116043088330855e+01
1.223019439464183122e+01
1.433259359222451579e+01
1.497046437642377370e+01
1.349776055358075766e+01
1.480646709339974620e+01
1.213559203597191782e+01
1.212008681780364228e+01
1.423992267072201301e+01
1.413788139492101159e+01
1.402926904900490435e+01
1.462064199498762918e+01
1.427401303376754527e+01
1.396377808979458202e+01
1.447065637626013057e+01
1.329665211552446635e+01
1.449174332741104010e+01
1.420024048967920827e+01
1.272915036791043519e+01
1.319076975723754863e+01
1.426023567597886910e+01
1.318412915318690537e+01
1.475593325594622307e+01
1.412805698481471772e+01
1.368327399832211988e+01
1.402857075454601343e+01
1.455907734364304318e+01
1.457247912086962316e+01
1.416834907338684602e+01
1.274791994618470348e+01
1.358808041419064772e+01
1.452258392114075036e+01
1.240714609387071476e+01
1.322299460883741240e+01
1.447053587187604329e+01
1.403003927407202589e+01
1.384074399196487448e+01
1.402844438586165232e+01
1.485191282638441557e+01
1.282459129926572317e+01
1.369099308052597586e+01
1.418025787418588024e+01
1.317657321156971761e+01
1.439431347807723505e+01
1.405923258543110244e+01
1.384388227114931169e+01
1.420577558623626757e+01
1.334872513273051986e+01
1.332154312468446911e+01
1.393843668644088574e+01
1.424797855987239714e+01
1.449718115302281340e+01
1.456619418130485855e+01
1.375584008053024476e+01
1.393310094015590828e+01
1.427633608220267547e+01
1.317575355812127214e+01
1.484445957482453693e+01
1.502860129381438625e+01
1.283849269210129762e+01
1.512209425509685090e+01
1.347695783848648965e+01
1.424675183607540419e+01
1.397817777458802091e+01
1.296340976572428794e+01
1.363941170058860486e+01
1.444369478304220245e+01
1.426364396609527674e+01
1.358633385667627991e+01
1.364471785109795121e+01
1.498816415730594009e+01
1.320108306440403823e+01
1.374094763241978967e+01
1.306118897778556764e+01
1.396537442488258485e+01
1.461804430573143421e+01
1.513138730181842107e+01
1.386663506373309218e+01
1.353929199236972636e+01
1.459709801314250122e+01
1.453337436214876455e+01
1.447049058081827155e+01
1.427156559910322464e+01
1.430073273879963835e+01
1.443223852825267706e+01
1.314818890354177228e+01
1.484344660889024858e+01
1.478690834595365722e+01
1.406048769423890477e+01
1.512025857714868238e+01
1.304271948757092936e+01
1.403377141711844622e+01
1.430451551633502483e+01
1.532475544256230471e+01
1.370100216503045765e+01
1.462084472327750362e+01
1.474584591140913403e+01
1.405509628084576512e+01
1.450508461626003154e+01
1.434467231650947205e+01
1.419932472936723045e+01
1.419088954212982223e+01
1.283180022821062671e+01
1.499246139956306045e+01
1.451559352730930641e+01
1.266672244528257529e+01
1.183721829550763793e+01
1.333726201035928405e+01
1.391447826991649706e+01
1.440523512750520752e+01
1.395227674430972442e+01
1.455454688592404899e+01
1.405019196939221260e+01
1.300141559371859223e+01
1.414657885713578445e+01
1.301680834306487888e+01
1.487242769592407221e+01
1.351332176896968917e+01
1.345320195672825214e+01
1.472029318163683875e+01
1.498387449235172220e+01
1.469728634861074923e+01
1.391905138039688161e+01
1.450445617956150279e+01
1.362625085534519620e+01
1.341917499485392717e+01
1.386984099917710012e+01
1.220315482760516623e+01
1.379668641843549359e+01
1.434945123931914601e+01
1.369581087192583979e+01
1.426089226896759321e+01
1.430026165452279230e+01
1.437832760918468900e+01
1.427104406920289215e+01
1.344181035627756238e+01
1.427173353264455002e+01
1.470093458614593018e+01
1.438422489340008426e+01
1.384680056572439355e+01
1.538265943645119549e+01
1.508412663227282557e+01
1.368030508081674768e+01
1.385633013604364194e+01
1.430858276116756223e+01
1.290195510121241007e+01
1.429243697487466491e+01
1.423414167668856933e+01
1.466022583948488034e+01
1.346641987736396651e+01
1.422703079992239594e+01
1.578961093432576668e+01
1.425962421678954506e+01
1.366394581101386407e+01
1.425958236046448846e+01
1.403954714215831601e+01
1.486016496331378534e+01
1.282666934502056222e+01
1.203221833753083914e+01
1.421692235066096899e+01
1.407808191733408343e+01
1.402042084992515925e+01
1.415035851632666031e+01
1.478162563004988606e+01
1.373664461403254933e+01
1.401709637030687539e+01
1.355406745884633679e+01
1.421067005199564370e+01
1.339901652406922139e+01
1.355457855794733568e+01
1.465130976248685712e+01
1.356650171997774734e+01
1.363414049326208932e+01
1.327723312077317175e+01
1.329553037887653133e+01
1.340983141976035498e+01
1.306658026488092972e+01
1.343834156302138005e+01
1.483700596774855995e+01
1.395413894266783217e+01
1.260406854926033837e+01
1.460660403428097531e+01
1.456096078022733664e+01
1.331980336047287672e+01
1.472702933648595902e+01
1.507243345241452204e+01
1.441820913392183812e+01
1.512750916706800375e+01
1.436931623019360593e+01
1.237448108546523606e+01
1.519148770480716948e+01
1.474353489430056641e+01
1.394430292316573983e+01
1.337676558474412047e+01
1.455572407760003806e+01
1.580935113101893741e+01
1.480302357062955032e+01
1.372312837530055596e+01
1.397034001391122082e+01
1.431525583985681571e+01
1.428501067662132051e+01
1.367258869503379337e+01
1.281842155262086358e+01
1.330547671740747262e+01
1.336873417128669139e+01
1.417118617463153640e+01
1.381982189448364196e+01
1.406588617323547474e+01
1.389787656935188664e+01
1.397783146416586852e+01
1.403969533205272135e+01
1.331476583048210394e+01
1.423666253594184639e+01
1.415677397101872437e+01
1.446689503911755637e+01
1.453294989541313242e+01
1.385107902279670711e+01
1.371320113599247925e+01
1.456641851128899923e+01
1.452651036220877145e+01
1.318152901545958322e+01
1.378029871816273300e+01
1.408737276820442474e+01
1.323191389879835711e+01
1.359503956265618818e+01
1.450758942617193448e+01
1.327780417176865591e+01
1.446249800628067561e+01
1.499421950677084681e+01
1.337484078013156008e+01
1.369697398099220642e+01
1.406507635661666100e+01
1.350225052929205205e+01
1.480852928393772494e+01
1.357841341397479695e+01
1.422320163924526604e+01
1.512326656144793802e+01
