1.313766295470294665e+01
1.202609999879144809e+01
1.198248021609374803e+01
1.203937610690183391e+01
1.277876735423179433e+01
1.191951890560190108e+01
1.425007305970830274e+01
1.227781594709876956e+01
1.307578797304935669e+01
1.152086406497802251e+01
1.176067636240249925e+01
1.313383087346385736e+01
1.254517406145535574e+01
1.240899619138390086e+01
1.366005333880326766e+01
1.219573434533851319e+01
1.236264146159306954e+01
1.088192154481297891e+01
1.227356675065921188e+01
1.288000283374902111e+01
1.330551329279662021e+01
1.228388983684896729e+01
1.239124302652136578e+01
1.176588883300652810e+01
1.298220810373639189e+01
1.227597783764171524e+01
1.251690375897456065e+01
1.309976509006374989e+01
1.135009233969464582e+01
1.300245032858329353e+01
1.444808984471668900e+01
1.262686586110688225e+01
1.337372708143458055e+01
1.245759037854832307e+01
1.334303815115225333e+01
1.338604093610580570e+01
1.259185911359014121e+01
1.274479585149452454e+01
1.301562839849185416e+01
1.274105453541726085e+01
1.234504428356892447e+01
1.387242014526906608e+01
1.352862106346263182e+01
1.441309409117637053e+01
1.275527044417049716e+01
1.256309514550379447e+01
1.346752082366321090e+01
1.239860629434139661e+01
1.186849850530960815e+01
1.246480799694180952e+01
1.319393311915291633e+01
1.230611795810822606e+01
1.318452583678772427e+01
1.289453837252613511e+01
1.350194758109966386e+01
1.301530822195131165e+01
1.263256367812887326e+01
1.223621414765736937e+01
1.167785513148767151e+01
1.423083261217791140e+01
1.133754091273612019e+01
1.248343339800131346e+01
1.227415949363875924e+01
1.219578826655893877e+01
1.242470614653603356e+01
1.238011941147199479e+01
1.324982721631815608e+01
1.338259356328367033e+01
1.326702160558042820e+01
1.122010383955564272e+01
1.260249925577728902e+01
1.231800834958120205e+01
1.333835194742025188e+01
1.205210626595734347e+01
1.253392911123771647e+01
1.068781335872318472e+01
1.296369146479973722e+01
1.348843048817909640e+01
1.257755103848449707e+01
1.401180893943961969e+01
1.220221929509467707e+01
1.223474390697021086e+01
1.225995874034162902e+01
1.220869029334096645e+01
1.303243652312801082e+01
1.105115123603654581e+01
1.215726697345297147e+01
1.306605594110153845e+01
1.228934170399395143e+01
1.344263002598618506e+01
1.348200408975577069e+01
1.381570530165563682e+01
1.241850268506770760e+01
1.426216892626569788e+01
1.202285059559239855e+01
1.329043776594578929e+01
1.326904948885584190e+01
1.264956650081332334e+01
1.262824893884600286e+01
1.257261649258023617e+01
1.266729616022838201e+01
1.295756863026272043e+01
1.349543188691034956e+01
1.204522963944537572e+01
1.248334251444054210e+01
1.354429801541930445e+01
1.358431589651413063e+01
1.202377352143986400e+01
1.382823129329138112e+01
1.198230487285342605e+01
1.380084692763822396e+01
1.348406670546825126e+01
1.313754894036497767e+01
1.285162454318677661e+01
1.099040853180028954e+01
1.283204159637699782e+01
1.327588994187875393e+01
1.286159209065222697e+01
1.202440611791293001e+01
1.299687523538022305e+01
1.269108213380521732e+01
1.202077682414410731e+01
1.333605546562230337e+01
1.234840184201513580e+01
1.205598137326650665e+01
1.096049831893138204e+01
1.341622000310487195e+01
1.215912727839208429e+01
1.365841788608844176e+01
1.244553747796064869e+01
1.146482189923882622e+01
1.253462137567107781e+01
1.296599646360385272e+01
1.372104271070387327e+01
1.307649662975333982e+01
1.277411807309831104e+01
1.342203199509054201e+01
1.266761842428119778e+01
1.383908605982672491e+01
1.300323636859071819e+01
1.264889241417570709e+01
1.432700807177762492e+01
1.213383319417434691e+01
1.341779519311810098e+01
1.231315672774218939e+01
1.399040826363979129e+01
1.295597237252794898e+01
1.409291757473895146e+01
1.280709178584975838e+01
1.419313091227033752e+01
1.304757343853955831e+01
1.319973812019295423e+01
1.230675524888254202e+01
1.250689407521938001e+01
1.286734334436535221e+01
1.296888192785218941e+01
1.116717819306823678e+01
1.371576254524949512e+01
1.362470000651364899e+01
1.207247002366183253e+01
1.347399346582947643e+01
1.140871899740206707e+01
1.246636436890222832e+01
1.361991993755957076e+01
1.389796218909398640e+01
1.307564018014839746e+01
1.227854268800983206e+01
1.357536090142400020e+01
1.283374616873089025e+01
1.159620895153658893e+01
1.278580042144637297e+01
1.430691882516829949e+01
1.234679441623056917e+01
1.258096432998408076e+01
1.257186856283852450e+01
1.274931530692122372e+01
1.345943493373533073e+01
1.318558602065437313e+01
1.214149157316094829e+01
1.228748626139297251e+01
1.281281173424384079e+01
1.317048485110815115e+01
1.258472619900570955e+01
1.239866058890829059e+01
1.225847733076549062e+01
1.286235251491489606e+01
1.207807447782955990e+01
1.412255896138734101e+01
1.264430286716492446e+01
1.254362550340817606e+01
1.236575336992889618e+01
1.322007620004494122e+01
1.141380580579699000e+01
1.262154172451577061e+01
1.162186209461835062e+01
1.286089703475318657e+01
1.272164040883299663e+01
1.280511235901393796e+01
1.216547149463824873e+01
1.256436427779560105e+01
1.122396640424091352e+01
1.317825956411086352e+01
1.343157181717492854e+01
1.280997553060496408e+01
1.334023310730277778e+01
1.238813471543302924e+01
1.272744320149664610e+01
1.277320762315299874e+01
1.313098004302779387e+01
1.327525712902513888e+01
1.254808209713088729e+01
1.222236168483444985e+01
1.413863405475273893e+01
1.374866414165571094e+01
1.223873664918404813e+01
1.346487154449304313e+01
1.265262412439717465e+01
1.245486518836007939e+01
1.207381528623669809e+01
1.411877596536167623e+01
1.335475372525945836e+01
1.384793022619846958e+01
1.341957696199244765e+01
1.336070294098631273e+01
1.343361055908668433e+01
1.367405179714690178e+01
1.286188745570673042e+01
1.230047176175533963e+01
1.201865339977089242e+01
1.363838149972627889e+01
1.282844625512614023e+01
1.289151159504522148e+01
1.315883571854013034e+01
1.394377448269581343e+01
1.231743616267104890e+01
1.298063323279214742e+01
1.287841196395046950e+01
1.227356553602741407e+01
1.186414192628326525e+01
1.312526536143600708e+01
1.203235833926448350e+01
1.259456783894693466e+01
1.268726776918371613e+01
1.437372412169092861e+01
1.276093781969141716e+01
1.253892027232327777e+01
1.304965423136557412e+01
1.253541412785051534e+01
1.275650709133740435e+01
1.213856851688557725e+01
1.385685033716606895e+01
1.232873768482240706e+01
1.211023442304050057e+01
1.170139248704188262e+01
1.242933200786669090e+01
1.266260278087171365e+01
1.330106451665123934e+01
1.335644145174739705e+01
1.263494711397459369e+01
1.301499380579126353e+01
1.208996792449859825e+01
1.370955476512696336e+01
1.209844819866755472e+01
1.251373293078760796e+01
1.338932088234034978e+01
1.387444784681748544e+01
1.382048982055336417e+01
1.294217418240564044e+01
1.335348326119976647e+01
1.244851241123529384e+01
1.298536460694000461e+01
1.250538991443745829e+01
1.262460987565110671e+01
1.256620654141673121e+01
1.241797239704578359e+01
1.317829672821562959e+01
1.257110551852873392e+01
1.356022432699578850e+01
1.303291659514659351e+01
1.308899057492896922e+01
1.290606219165491275e+01
1.253647821628071313e+01
1.176930649788838323e+01
1.268800816074452165e+01
1.427702155706910148e+01
1.388667968482195292e+01
1.370085226566703085e+01
1.265544422899806598e+01
1.255055589116406978e+01
1.239960345557942034e+01
1.234915561786137594e+01
1.396067278402967204e+01
1.170224209515394520e+01
1.169787142413975189e+01
1.311698537228159012e+01
1.191281748718954248e+01
1.283693725228775762e+01
1.096570878813352579e+01
1.293391738830098703e+01
1.259119496573821273e+01
1.211537648943303047e+01
1.273840252029478926e+01
1.153215258846450553e+01
1.237589095138374695e+01
1.225128411438669929e+01
1.294222988837186250e+01
1.262943451415783436e+01
1.272213110563212091e+01
1.288942495712169212e+01
1.273985657924728976e+01
1.391637035728268756e+01
1.370290743099831943e+01
1.281094923079467662e+01
1.270110574706211359e+01
1.128028111870658279e+01
1.250225835457358770e+01
1.293425472326882719e+01
1.171055645340995177e+01
1.346117262383275737e+01
1.206149239496495795e+01
1.357115091669422924e+01
1.247462925868067707e+01
1.206448160508621292e+01
1.356281815743783170e+01
1.347182309735342542e+01
1.371388882639203466e+01
1.294564764134894830e+01
1.240016654275613561e+01
1.286367953826306021e+01
1.112818091002193022e+01
1.262011328427434087e+01
1.251422948152070447e+01
1.288148052252887332e+01
1.349921409774504966e+01
1.267667277636082090e+01
1.354416638974634424e+01
1.221838825209744783e+01
1.354251345746659219e+01
1.270741960151546479e+01
1.150539594299128865e+01
1.317751742910593471e+01
1.161750254382948988e+01
1.129070231579051153e+01
1.196692871671678304e+01
1.202954930143405221e+01
1.241263999822247932e+01
1.286490201946071821e+01
1.255505414302557554e+01
1.279310141092852504e+01
1.167193726808780774e+01
1.106958028256203619e+01
1.288275670658777550e+01
1.280242216197424732e+01
1.304382267667612183e+01
1.149655333575173088e+01
1.272470511822258921e+01
1.289623436541794277e+01
1.160943398585848030e+01
1.123416314652208570e+01
1.281909841271273365e+01
1.277952216374124284e+01
1.269344289987189711e+01
1.199195257392019265e+01
1.423098442741125069e+01
1.328579492199064482e+01
1.265091283727489291e+01
1.207222110284223859e+01
1.328430279598430275e+01
1.358066914273930159e+01
1.275459428834644804e+01
1.251764112900596260e+01
1.286381048171264929e+01
1.245106602308829835e+01
1.328526741454580495e+01
1.355399739791752722e+01
1.175492218669832667e+01
1.194869995069552893e+01
1.286158995961913476e+01
1.192140442405513490e+01
1.404604050064093279e+01
1.272824466400651744e+01
1.227683112178467972e+01
1.345475686745284527e+01
1.221300151599782957e+01
1.301173501065541416e+01
1.305177639639895126e+01
1.279240187867674727e+01
1.304292692320736791e+01
1.233092653135465255e+01
1.258242241792207672e+01
1.190257908648391805e+01
1.283595476613879605e+01
1.257183440903643934e+01
1.194206952578922376e+01
1.427004523511947909e+01
1.365072323629332196e+01
1.369516446844260749e+01
1.300137153210033247e+01
1.162007612971472881e+01
1.177298665179386816e+01
1.325190142749159783e+01
1.244553598415417817e+01
1.203024854310357128e+01
1.201597655053398839e+01
1.291541643648560367e+01
1.179356963867615882e+01
1.311020364609794164e+01
1.329155788222988299e+01
1.306964080499718683e+01
1.296945529837833355e+01
1.284517432805096604e+01
1.270956545966765283e+01
1.246883494574222162e+01
1.098453741988597976e+01
1.270661338178498490e+01
1.341458600506841670e+01
1.322935684526425248e+01
1.292303477488807673e+01
1.290705534513634056e+01
1.240171386553612720e+01
1.237947946395824417e+01
1.305706292553940884e+01
1.202958565427854509e+01
1.208945047398995243e+01
1.249191007638367523e+01
1.304241747156659237e+01
1.324093615238227351e+01
1.351581060854741168e+01
1.399126887916697903e+01
1.324280920632996406e+01
1.281377794780393131e+01
1.249642842794560416e+01
1.299269395128097138e+01
1.280923733348057780e+01
1.285516211532603137e+01
1.208592036232816369e+01
1.317783175397219431e+01
1.266260517118868556e+01
1.307089997611898724e+01
1.335381044458077326e+01
1.194241559530633445e+01
1.275702836484995295e+01
1.306236032792741497e+01
1.285624135322232320e+01
1.313922500515301728e+01
1.234025635049232683e+01
1.297213452406394119e+01
1.237372964805157061e+01
1.335801544645039485e+01
1.222547704330736273e+01
1.260433805815150521e+01
1.332866699294874380e+01
1.317982035757913906e+01
1.354175004278422811e+01
1.414050025944263922e+01
1.299851474767005399e+01
1.343711591473867095e+01
1.224025115643428130e+01
1.334288996311176057e+01
1.223173520658857250e+01
1.263700550156310065e+01
1.263291557175259250e+01
1.286179029892669057e+01
1.270796613697772059e+01
1.185788307101709904e+01
1.266046288715084600e+01
1.246341597046145289e+01
1.325751800579642392e+01
1.444979464951876658e+01
1.288000562352966405e+01
1.319077565275282460e+01
1.289717053761373755e+01
1.220282818986447104e+01
1.229138501299657982e+01
1.185298248968802781e+01
1.335303490605614130e+01
1.403829569156764556e+01
1.186952388989005414e+01
1.266410107355188330e+01
1.234811758188238251e+01
1.311023502691713993e+01
1.372985049723300399e+01
1.209017706225576028e+01
1.339046761220309101e+01
1.191457216786190365e+01
1.194473113990769342e+01
1.252832948168369143e+01
1.294895008862388508e+01
1.322925784118080728e+01
1.198378197717321036e+01
1.330737561884226672e+01
1.310098302584062679e+01
1.222155884467457376e+01
1.191544283347217892e+01
1.365077868054833488e+01
1.274342641032831835e+01
1.359042705490637637e+01
1.249096295398329559e+01
1.190694538972963201e+01
1.342798626655735994e+01
1.140849602358516179e+01
1.341729272509274296e+01
1.432725930983298568e+01
1.278114891861240210e+01
1.198343763446299270e+01
1.230355341278247394e+01
1.333378906672373887e+01
1.353364212949703926e+01
1.254511609504355185e+01
1.230428919143465194e+01
1.320787406878936920e+01
1.274812718238164777e+01
1.207705084799422934e+01
1.322655002716935080e+01
1.210530957575165623e+01
1.327765059152373439e+01
1.233104226700435113e+01
1.261986151614317464e+01
1.215318342384231265e+01
1.261641683155660942e+01
1.242581098462209432e+01
1.310723496285971024e+01
1.283150816062824262e+01
1.400077450798566758e+01
1.304920077159472491e+01
1.262070286340755310e+01
1.189419858461058510e+01
1.319620855210103194e+01
1.213477590946693141e+01
1.179558068218771361e+01
1.400501265054897715e+01
1.240067370679889613e+01
1.314641643379295211e+01
1.245281852200078632e+01
1.237489748519153210e+01
1.288495661514635415e+01
1.289868486092455768e+01
1.399753632920300817e+01
1.331054843221596329e+01
1.240261454787374440e+01
1.256809054010327920e+01
1.246078472609064747e+01
1.194085683881199245e+01
1.304137430507545936e+01
1.310848175421203798e+01
1.293528690707709039e+01
1.210254522730440208e+01
1.190928145077925571e+01
1.317894439802530826e+01
1.242907231107858479e+01
1.199151577618211206e+01
1.313538010660214361e+01
1.251824404556358949e+01
1.178444829589824749e+01
1.292654638059826055e+01
1.185689770041116375e+01
1.242828110171413059e+01
1.308955379779667538e+01
1.202248447391028385e+01
1.349367345203106616e+01
1.283538866747080220e+01
1.314313939115722185e+01
1.195363534872162781e+01
1.400105245886652838e+01
1.261488781014002036e+01
1.148120637871098992e+01
1.188674335590088837e+01
1.185010052151058346e+01
1.219305603221445011e+01
1.155845842634268905e+01
1.302610481211280913e+01
1.297244984531997680e+01
1.303993230738217157e+01
1.381289106876839945e+01
1.302624776701200204e+01
1.253512194732428675e+01
1.324351672442643491e+01
1.176216666754434215e+01
1.326735815340136426e+01
1.259387237453528563e+01
1.131428068467939774e+01
1.331250605898401318e+01
1.291264935460846885e+01
1.280502196413056382e+01
1.405816060958437852e+01
1.188276377018987517e+01
1.311806011176505571e+01
1.317355357273182292e+01
1.311462149600417071e+01
1.311477551423856802e+01
1.186632008975556651e+01
1.239854322558662147e+01
1.262256080535190605e+01
1.218360355006020157e+01
1.278892005917198560e+01
1.297564877979631071e+01
1.351063898766489046e+01
1.349012001741085243e+01
1.197616713393644261e+01
1.114281057417629484e+01
1.300934549261677020e+01
1.300241852672854392e+01
1.246730001568847079e+01
1.219406309977710556e+01
1.187861016092564803e+01
1.286144543491205461e+01
1.369878696020960440e+01
1.213481591904601409e+01
1.262384918948108492e+01
1.156839006182483409e+01
1.176688388977509803e+01
1.221032803501117669e+01
1.370180308903553801e+01
1.143980232803172647e+01
1.260564107678450263e+01
1.275263601978777572e+01
1.120108671595554917e+01
1.282897893158973091e+01
1.209792663906594790e+01
1.273065621632633082e+01
1.330455130534088148e+01
1.271845061879216132e+01
1.267499553488249653e+01
1.322652066908034918e+01
1.176723432152487092e+01
1.237107035036441438e+01
1.237650157753082780e+01
1.248768740341230021e+01
1.214025059622485436e+01
1.192881508367645793e+01
1.232401648079096290e+01
1.217106389189606830e+01
1.126930731068244818e+01
1.354520635984799348e+01
1.429993304407624599e+01
1.324816543645211731e+01
1.380058668493816221e+01
1.244922966495313510e+01
1.279933497650491958e+01
1.178936647573288710e+01
1.279993316389559510e+01
1.291274315692566788e+01
1.318190322966366601e+01
1.228615607471294524e+01
1.266756600687791945e+01
1.227300797057710824e+01
1.367951499229557122e+01
1.242939571487334760e+01
1.394525109997578838e+01
1.354908892497934048e+01
1.186720738887848015e+01
1.169979638041726488e+01
1.220438237951091054e+01
1.291038020364346828e+01
1.155122425296294431e+01
1.389816075905399373e+01
1.271105514715266871e+01
1.159207201163728662e+01
1.302099025445147085e+01
1.233439156291635186e+01
1.265086077297020850e+01
1.350301780712188027e+01
1.294304648565634430e+01
1.248581129705892501e+01
1.295558416686462699e+01
1.189618399898830958e+01
1.305397280717517816e+01
1.336960099269874824e+01
1.278160131220390561e+01
1.212154255723267049e+01
1.203415120624925727e+01
1.181522236146265037e+01
1.264143378612207691e+01
1.250589886597822087e+01
1.309385923041159039e+01
1.228362643613943028e+01
1.278188078731365529e+01
1.294607190036210653e+01
1.254229462687302465e+01
1.250349965107626815e+01
1.447069236927218050e+01
1.169234740321337007e+01
1.477465938230555409e+01
1.281225596384756393e+01
1.218873683219277027e+01
1.154175086806236372e+01
1.265538929409237490e+01
1.222364641367230753e+01
1.330686240228603268e+01
1.307852233691069621e+01
1.275617396303348805e+01
1.386805963713430323e+01
1.307029849155230927e+01
1.189804612918080018e+01
1.296831419766389004e+01
1.372635665194532173e+01
1.275013526948547948e+01
1.253024348399233112e+01
1.221302371036037826e+01
1.279901136124588312e+01
1.253520727393021339e+01
1.228069088538095244e+01
1.298341898177510600e+01
1.385154458133207456e+01
1.299727045299164097e+01
1.269835663107496870e+01
1.259546084002209376e+01
1.251114165355065921e+01
1.287030886277530861e+01
1.301545747810219922e+01
1.293195409654423855e+01
1.283145586249133707e+01
1.148097767432463812e+01
1.262002015856685588e+01
1.330730705369877676e+01
1.266436144479826176e+01
1.217895296574015873e+01
1.308591785386570905e+01
1.261049787021998547e+01
1.324748794320888301e+01
1.182435181239058153e+01
1.280967591131652128e+01
1.121311583868740769e+01
1.193585740042936116e+01
1.254801346641178661e+01
1.210041403640193813e+01
1.339890310236491899e+01
1.320947460553501074e+01
1.369816943647496821e+01
1.261771926361657314e+01
1.185763849068599995e+01
1.365609351986664244e+01
1.183896807192481226e+01
1.338407846226678011e+01
1.253423873245735187e+01
1.349923933380155461e+01
1.261075390543087238e+01
1.277622387284808170e+01
1.328825517248756150e+01
1.202387115547613305e+01
1.230554941811657343e+01
1.285130114188930506e+01
1.214893558916999439e+01
1.273459152914924530e+01
1.373001113849660015e+01
1.210478949673586690e+01
1.293263908740371448e+01
1.307728051655913859e+01
1.354260481669276572e+01
1.249983997461172081e+01
1.320456657807476475e+01
1.343578162977730273e+01
1.363581075466550985e+01
1.236931667802668677e+01
1.310585759438465736e+01
1.306368711580876507e+01
1.398752139431157104e+01
1.285561746896527779e+01
1.311676690551439428e+01
1.144705777539065750e+01
1.281342633623118132e+01
1.191941097531158356e+01
1.234124994393440566e+01
1.243050973920380287e+01
1.236472773193070651e+01
1.279360751653882922e+01
1.283487290342888976e+01
1.211327762677339770e+01
1.343629747681861097e+01
1.239163341372032612e+01
1.238785565307979120e+01
1.321379716076848965e+01
1.253928393149885068e+01
1.242667879457448166e+01
1.246497695920325377e+01
1.252069949227027124e+01
1.219438808117646111e+01
1.305511014933521352e+01
1.368111929088478895e+01
1.232287722683654252e+01
1.340443149606199036e+01
1.209428122474088063e+01
1.293225530411945812e+01
1.336191471948734133e+01
1.300417578630018589e+01
1.401073432914146899e+01
1.383054858486966054e+01
1.254107365262046336e+01
1.408447753362876753e+01
1.287747486530696506e+01
1.242412602856290249e+01
1.231533347731184769e+01
1.264520734289224890e+01
1.259274011599273635e+01
1.276716487910152154e+01
1.205470353667716132e+01
1.309652664889411966e+01
1.380725679064974720e+01
1.398031811296480775e+01
1.313701347895080396e+01
1.182912729501929405e+01
1.229801798284634806e+01
1.183108348233809082e+01
1.373788759274708582e+01
1.295630588414752360e+01
1.218736259649048392e+01
1.231104494923213188e+01
1.271105143759223743e+01
1.281380565093770763e+01
1.347897771882865392e+01
1.311577776130512163e+01
1.321560250933285907e+01
1.400140510408799344e+01
1.344392059940634176e+01
1.418966525773704745e+01
1.315926752832815971e+01
1.246683336391729391e+01
1.422682297962881037e+01
1.229245307751759597e+01
1.283024747088663453e+01
1.304668130924313729e+01
1.200514623477550025e+01
1.309002808797850115e+01
1.223604126078870813e+01
1.423551918486354317e+01
1.178938910918125949e+01
1.281408535723164199e+01
1.349751294304495808e+01
1.155667180332755173e+01
1.182913017286657720e+01
1.293682892267849383e+01
1.166183689463330531e+01
1.292055816714067795e+01
1.265342300590979363e+01
1.162619971603338698e+01
1.271542627267524317e+01
1.284759404788379733e+01
1.395390351156345865e+01
1.165889348381046098e+01
1.231794134850300537e+01
1.338249711581499035e+01
1.382954677056213910e+01
1.291576005636971836e+01
1.310853028202892467e+01
1.315114781349115169e+01
1.327365999312000788e+01
1.288441306253640306e+01
1.349321344430092040e+01
1.187265010483716843e+01
1.288690692280603933e+01
1.238460524555985920e+01
1.268555670111806322e+01
1.312171905413696749e+01
1.207039595943102483e+01
1.340456204718737609e+01
1.302077387445580570e+01
1.147647997593273494e+01
1.424114397458573578e+01
1.164151139366752119e+01
1.153082958422440996e+01
1.090198973882155009e+01
1.295815797291401417e+01
1.166578821468474381e+01
1.310531068307007097e+01
1.432148819558720554e+01
1.316906029663129729e+01
1.303504396484334471e+01
1.262895990852099537e+01
1.361435562006127675e+01
1.314867898385001688e+01
1.222679235848453771e+01
1.230842457709881188e+01
1.370085129665382340e+01
1.286662585612706522e+01
1.316677296982355294e+01
1.098062846999374820e+01
1.271611347339819709e+01
1.266587359061816365e+01
1.218868989161445526e+01
1.168257001935083217e+01
1.332320446490935772e+01
1.240117358063364073e+01
1.354877490134149198e+01
1.445943303676855507e+01
1.313842561702369771e+01
1.300681025744057173e+01
1.274379431998293200e+01
1.247847809103697791e+01
1.417061145772064457e+01
1.480298629922292264e+01
1.272625359447322602e+01
1.301511779139445046e+01
1.242591233033757447e+01
1.343220413163405169e+01
1.240628651167821772e+01
1.226452040428492296e+01
1.276374514801302240e+01
1.303905315467244819e+01
1.201345340142026075e+01
1.217166298033533067e+01
1.393528817834138600e+01
1.258636511442939998e+01
1.296187677524205384e+01
1.263982043300266156e+01
1.240619829430811016e+01
1.283921436682393313e+01
1.318442479558382097e+01
1.300328060028444810e+01
1.310443208111702695e+01
1.429393122112213632e+01
1.233296798356363766e+01
1.250174034714078175e+01
1.323622237187440653e+01
1.295469176217392793e+01
1.358363791974608148e+01
1.196656349869245162e+01
1.288746790704660938e+01
1.334511369132918013e+01
1.183596094492284756e+01
1.271377908624452324e+01
1.396441186583453842e+01
1.327653143350767806e+01
1.207389802459042905e+01
1.225920633275810090e+01
1.361057983248580250e+01
1.231001723453404040e+01
1.187635030162529937e+01
1.280254112112781506e+01
1.310646637229490530e+01
1.265476212303832071e+01
1.285270682962246447e+01
1.313829902048242282e+01
1.378601477990293844e+01
1.200756353127855824e+01
1.327477642677488845e+01
1.265246139297214789e+01
1.271548269251037944e+01
1.261096128207964284e+01
1.388012313324201230e+01
1.320853467905795853e+01
1.387286542596679340e+01
1.193761876496185614e+01
1.330814868007322360e+01
1.352131823367187025e+01
1.295465034126932480e+01
1.309045210926611524e+01
1.296485790926745274e+01
1.240939161450734751e+01
1.268415363064122481e+01
1.299048111753168477e+01
1.326074258528060668e+01
1.271836195829097882e+01
1.390546362594930407e+01
1.337174788205790144e+01
1.266812327407020078e+01
1.278884633235489687e+01
1.220292385548571978e+01
1.402861025721150234e+01
1.288363690362690051e+01
1.281367801608897850e+01
1.260796744973497141e+01
1.159762729584711671e+01
1.340667526518351593e+01
1.370667515044573292e+01
1.237919472939852383e+01
1.328379241497468755e+01
1.225544902461799879e+01
1.272609136000394869e+01
1.282311023244213288e+01
1.280509082391762554e+01
1.220854873951832786e+01
1.315804054501237808e+01
1.332138763987540919e+01
1.377587751606404964e+01
1.332623538560422460e+01
1.318524439764960832e+01
1.301051815322572303e+01
1.272532935561988410e+01
1.185077139174035388e+01
1.293108792471585744e+01
1.197677956500361063e+01
1.354516538922429625e+01
1.275575733576339665e+01
1.358049678361539492e+01
1.304062004678567277e+01
1.288463720930805323e+01
1.341225412059565514e+01
1.314891760090301354e+01
1.219699256614935656e+01
1.308581306761906760e+01
1.358536580006946970e+01
1.294400642909740462e+01
1.289308697719538088e+01
1.298982794706108024e+01
1.298952077922806225e+01
1.324366522052708994e+01
1.220233613755121738e+01
1.240098516647337590e+01
1.266704180268423308e+01
1.373438772752147941e+01
1.231385039724615282e+01
1.240121483791617507e+01
1.321424667624064675e+01
1.215904226244558473e+01
1.220959868231667045e+01
1.333533858680616646e+01
1.337871110058396340e+01
1.414267522791215903e+01
1.273599738277166438e+01
1.258302165240331583e+01
1.292705950890185385e+01
1.117278467149436239e+01
1.438325130608990854e+01
1.220755368967114052e+01
1.113246914687672096e+01
1.293763988136240428e+01
1.182481492839779236e+01
1.280707308429044211e+01
1.178989336120987730e+01
1.167015581793958923e+01
1.168150978955416974e+01
1.239456939057529183e+01
1.392043592837564603e+01
1.401795853609535136e+01
1.260491713273749426e+01
1.287843503323150962e+01
1.236954304017754325e+01
1.301021373442108420e+01
1.286019254267291423e+01
1.397496210901330649e+01
1.287681995173769600e+01
1.195594839942203613e+01
1.187703581536323405e+01
1.266001725440500181e+01
1.221079132419990643e+01
1.193750245767326135e+01
1.262348380702202633e+01
1.299042566495942630e+01
1.424195132098133776e+01
1.295033771730301453e+01
1.150734286305383591e+01
1.322167615638723781e+01
1.324038399093727492e+01
1.176225935196181815e+01
1.179676948488222266e+01
1.384190255961964944e+01
1.322481449999529701e+01
1.238272790174857185e+01
1.277252743253251843e+01
1.333219119353491955e+01
1.256333302743637503e+01
1.374774833071337277e+01
1.234132848124360926e+01
1.334235237517363437e+01
1.388789751076885004e+01
1.292493271710748637e+01
1.229966495784642078e+01
1.333784998277020861e+01
1.319631825173413731e+01
1.256040054823811225e+01
1.263398159063857840e+01
1.250046786213678196e+01
1.325361040412511571e+01
1.279068289697989513e+01
1.203657919056327508e+01
1.274347417249849634e+01
1.355581040559289363e+01
1.282343781085252665e+01
1.282066454859604399e+01
1.231777965693352428e+01
1.331603898729117397e+01
1.238267175716790369e+01
1.316284535246313148e+01
1.324446899099029906e+01
1.309232818289509837e+01
1.242470524155136502e+01
1.302538619264472608e+01
1.150801935935917086e+01
1.309549570349312297e+01
1.274646985141074929e+01
1.243937820918374193e+01
1.288443588258445871e+01
1.040027697563964715e+01
1.192714595078275863e+01
1.355811362586056568e+01
1.283198530712874863e+01
1.193608909244387029e+01
1.317735029124520452e+01
1.228281910421350531e+01
1.206924484377334572e+01
1.233347353089168230e+01
1.198829903035184330e+01
1.374606007980494304e+01
1.182586772441991663e+01
1.282035010157502875e+01
1.309226429192076324e+01
1.388300075103796871e+01
1.145129570073646263e+01
1.249889749886458112e+01
1.208129102882464778e+01
1.383924487078883914e+01
1.307111208330205976e+01
1.235482139750671315e+01
1.287568836577005982e+01
1.255588772806476960e+01
1.225322801752452762e+01
1.327572728623072784e+01
1.253485017466766216e+01
1.321252121017114334e+01
1.231062406646578467e+01
1.126290840845705787e+01
1.307212105239909761e+01
1.232432726392151423e+01
1.264587708682084433e+01
1.257277177894598452e+01
1.241284332374821098e+01
1.270082798005416436e+01
1.424385634970916215e+01
1.260275341990969267e+01
1.285501299331232872e+01
1.180310356894397650e+01
1.379938386561305919e+01
1.237306081424053694e+01
1.238991097350445614e+01
1.348270851762101152e+01
1.166353727633793724e+01
1.251303978600879141e+01
1.314589008611203447e+01
1.302318544757154228e+01
1.165572050156207418e+01
1.316068555282157249e+01
1.293572026921102669e+01
1.254040142172655870e+01
1.203003274901082342e+01
1.203247624384723125e+01
1.263578816561919993e+01
1.279806746021148278e+01
1.351958241203768551e+01
1.307237765217727521e+01
1.326523278909377801e+01
1.352307654412198090e+01
1.397212055812853215e+01
1.181995032834287862e+01
1.473083303113564568e+01
1.345809364134971986e+01
1.315549512182547076e+01
1.151623954027260410e+01
1.261937962886145037e+01
1.247539548613138116e+01
1.343647405499257275e+01
1.266656887272769261e+01
1.267182918608030384e+01
1.220334568238764561e+01
1.335021992815124392e+01
1.209730371120913262e+01
1.363955539178860477e+01
1.249536074534877272e+01
1.178993889223255387e+01
1.235823987487660602e+01
1.241191706990299437e+01
1.254684259090895893e+01
1.334817346489905709e+01
1.214347357009897621e+01
1.288160332797008145e+01
1.315931149562490354e+01
1.304013516648043236e+01
1.317569668673393757e+01
1.384115348946074775e+01
1.414460950217079294e+01
1.323144159435424783e+01
1.319156160366301300e+01
1.282992677981181906e+01
1.117586296349552555e+01
1.292617381451024272e+01
1.387274516729158869e+01
1.243811532299668166e+01
1.155918536288335119e+01
1.186536785043364972e+01
1.310679304145581625e+01
1.198518382685121786e+01
1.298247583008150841e+01
1.355462354879021625e+01
1.327725035376755613e+01
1.217527275453412194e+01
1.236110697196657426e+01
1.227990648253841499e+01
1.266211439932404481e+01
1.335481151670594180e+01
1.255757658504876773e+01
1.376334748179874623e+01
1.331087409582412207e+01
1.331177184075007602e+01
1.325911704646705935e+01
1.208151355217445122e+01
1.307833087162816454e+01
1.268562422024794856e+01
1.276553649258241663e+01
1.213902456809155161e+01
1.312531296932316671e+01
1.210157400306203002e+01
1.382090006720209985e+01
1.241714039138607184e+01
1.322961616587646994e+01
1.306619984851673344e+01
1.245739748956464332e+01
1.247219511784927448e+01
1.260907663992659877e+01
1.317831216169093622e+01
1.286318307814259754e+01
1.231235534630274486e+01
1.188807165406036859e+01
1.224411166228015624e+01
1.279317049780909521e+01
1.258486402568805040e+01
1.285687926742912346e+01
1.265256535259126025e+01
1.305752070302262702e+01
1.218148850094004665e+01
1.275108351679529584e+01
1.269095716489820624e+01
1.199684361022887735e+01
1.449892979475486499e+01
1.337854225253101248e+01
1.278478208714740205e+01
1.399384838869579184e+01
1.267848241338501403e+01
1.340345396334700645e+01
1.320892398916065247e+01
1.404291845130836158e+01
1.262817565636031070e+01
1.286400686117406700e+01
1.255510626544201536e+01
1.316074224637355528e+01
1.156516467254472680e+01
1.283667621595789754e+01
1.304113710618719857e+01
1.209065377137474151e+01
1.128750675590332264e+01
1.386300394760363375e+01
1.366714164556851507e+01
1.392243487829087201e+01
1.309966958285109584e+01
1.327246205705256799e+01
1.050145609506275335e+01
1.286580992465567697e+01
1.218450063762405122e+01
1.214000927629234816e+01
1.195920213588412118e+01
1.266451551361750560e+01
1.200009514960227364e+01
1.368472628408553327e+01
1.312844981945560008e+01
1.228843572863804923e+01
1.279960996155524633e+01
1.259339963187868250e+01
1.229332515745428367e+01
1.350979867630227460e+01
1.256618381432391907e+01
1.311927579861118431e+01
1.333939277299200477e+01
1.218728719261683757e+01
1.303844388644046326e+01
1.206931297755451560e+01
1.207847229294926450e+01
1.295380047297769366e+01
1.206522679363807704e+01
1.280125787131728643e+01
1.438007909057689737e+01
1.287818771887588376e+01
1.231405500998802616e+01
1.235208196055264551e+01
1.112934800460706164e+01
1.184435317164240331e+01
1.265935277469966103e+01
1.275920291824607311e+01
1.135566014803974078e+01
1.396449426776241509e+01
1.399742452739390686e+01
1.225046128961829517e+01
1.289132543766046624e+01
1.354492124104807260e+01
1.233775499242824480e+01
1.381372058688160642e+01
1.471591984418403598e+01
1.209501559562072615e+01
1.203390006963892489e+01
1.367078769137416039e+01
1.316831060205588777e+01
1.305007635743144512e+01
1.233832774745255634e+01
1.223703993458261330e+01
1.344642706222527728e+01
1.278371200086246873e+01
1.341831366139311221e+01
1.291963108332397603e+01
1.200148224045366874e+01
1.332748426916113971e+01
1.232990335632231371e+01
1.208933744489019979e+01
1.380209277582863869e+01
1.217192488104573833e+01
1.344035603591822259e+01
1.309241941020390243e+01
1.329964809546915205e+01
1.256131829883042350e+01
1.144778632967150145e+01
1.326180890414773295e+01
1.314323623947349695e+01
1.330552928228759058e+01
1.272205932915769999e+01
1.252558368893482310e+01
1.347234726559890383e+01
1.271494331710039738e+01
1.250199014514951834e+01
1.225155869594289015e+01
1.284807001542137961e+01
1.309793042801273089e+01
1.143253380663622387e+01
1.269600902006485121e+01
1.306403607466960537e+01
1.291036323792402385e+01
1.243680894387409097e+01
1.251412135197653441e+01
1.324252281963376987e+01
1.238079586827349310e+01
1.340426887790753518e+01
1.202481224621915246e+01
1.206123709126894994e+01
1.322372349560695426e+01
1.270243043584839349e+01
1.199330321267157373e+01
1.239810633813018725e+01
1.341291248786846957e+01
1.241040450422589458e+01
1.302254868044665592e+01
1.196241279217051101e+01
1.230500846091332612e+01
1.359246158671212612e+01
1.322283899329378798e+01
1.236594473077230205e+01
1.260357458910206319e+01
1.280704567083530421e+01
1.239724582445668410e+01
1.295066541283964767e+01
1.109618499788676438e+01
1.297887411787766965e+01
1.279647953705852181e+01
1.311419351293660185e+01
1.333859487361204543e+01
1.257813786827495939e+01
1.323075135237615463e+01
1.279290791638662306e+01
1.273748731564611880e+01
1.255306425507447798e+01
1.219560587723977463e+01
1.201451871617865308e+01
1.312618991488314180e+01
1.214044755878917670e+01
1.382539931997557936e+01
1.313309644150522537e+01
1.234231551242451275e+01
1.288612881919044284e+01
1.342654784684589231e+01
1.169195087987920090e+01
1.311961899809231902e+01
1.174437840568793412e+01
1.253615359792229000e+01
1.234763675274460226e+01
1.357864601487182021e+01
1.340018130631782434e+01
1.331129670830643086e+01
1.240273588020005491e+01
1.232094298952964984e+01
1.245667778849013985e+01
1.304463125945861535e+01
1.113045864479072300e+01
1.103571494349331239e+01
1.328654267862531668e+01
1.412071089442714822e+01
1.356084281081225917e+01
1.313302368440516688e+01
1.324148599460936460e+01
1.233390822084397165e+01
1.225299400760124513e+01
1.309822862009287192e+01
1.342802870416602623e+01
1.315515177864215346e+01
1.335607832459450073e+01
1.239987536668703072e+01
1.268317411064114175e+01
1.287969652923514552e+01
1.228805653129079545e+01
1.239926119754420064e+01
1.328367428730216027e+01
1.229543650234175445e+01
1.071241883094191749e+01
1.275687929760633565e+01
1.187623705208107694e+01
1.285396982546687639e+01
1.296494110227649266e+01
1.335564497542717000e+01
1.259745527044794144e+01
1.212220005786877941e+01
1.378349155845124585e+01
1.378651598311183868e+01
1.267863822791666628e+01
1.292865428633315439e+01
1.151110548437705638e+01
1.049514443848956802e+01
1.324910828531267271e+01
1.197346674393616262e+01
1.232906962682471352e+01
1.236038039330961347e+01
1.312292529526936491e+01
1.176768613892225801e+01
1.196859737420937542e+01
1.387975476991649870e+01
1.346955496212688352e+01
1.350563378336246068e+01
1.265603440953512404e+01
1.272178549590910634e+01
1.288709303967772790e+01
1.386246126690822678e+01
1.258046297907114841e+01
1.303312770124027331e+01
1.355447422050890083e+01
1.161583989014943619e+01
1.311913268408075339e+01
1.126780947931504961e+01
1.351775489342691117e+01
1.183059141584232954e+01
1.238594109059645731e+01
1.264667083511499079e+01
1.368607755967154560e+01
1.191641813145944795e+01
1.295830702413663715e+01
1.367972761329504117e+01
1.243357410672866514e+01
1.265929148088702405e+01
1.226286059847627463e+01
1.340987876943556323e+01
1.392846034724238891e+01
1.251492098370543005e+01
1.145722767778580575e+01
1.118927428242935918e+01
1.266363433752276535e+01
1.314102717373168439e+01
1.274724668952863915e+01
1.217571151610008862e+01
1.191164194249761898e+01
1.366855379727041964e+01
1.304184051526544685e+01
1.232360006744763936e+01
1.251181342244196593e+01
1.443198053496260336e+01
1.310859296659952555e+01
1.220658359517876335e+01
1.308528972115974476e+01
1.277655294187096935e+01
1.358359757307534643e+01
1.327758523021127424e+01
1.258855055078857355e+01
1.270363776309917725e+01
1.349897324218612304e+01
1.396394202228390924e+01
1.441557952039029367e+01
1.243040358173847260e+01
1.252630357022466612e+01
1.264463134878377915e+01
1.229088921467091744e+01
1.277743298647514081e+01
1.180582384734731782e+01
1.285824561626602858e+01
1.217401679275944382e+01
1.402175942737155090e+01
1.265894742100344672e+01
1.217627772403066366e+01
1.332205129352700368e+01
1.359298388171372451e+01
1.198949630092032415e+01
1.267783133422665109e+01
1.206452551861182521e+01
1.202461518141308261e+01
1.278198265601506378e+01
1.328058633493394858e+01
1.202960379128848700e+01
1.227429412858857560e+01
1.332685559043438595e+01
1.462998137968126855e+01
1.231504532552505005e+01
1.323184328924573450e+01
1.231306090089421268e+01
1.131798250452462362e+01
1.237584239980434653e+01
1.278902394359423589e+01
1.213990063218741078e+01
1.322053496165595021e+01
1.272932483186765218e+01
1.202688700711343195e+01
1.170053000710455571e+01
