1.190907369682397388e+01
1.151293073619038942e+01
1.153713143820843356e+01
1.142347739459689215e+01
1.003996887593214282e+01
9.896253360893149775e+00
1.172736045240857372e+01
1.187840322462674614e+01
1.172352693263272627e+01
1.324903035009428187e+01
1.192775885733535546e+01
1.119368474043058725e+01
1.109385002243401530e+01
1.135704405512414361e+01
1.266701855311677605e+01
1.176034466068715822e+01
1.177359686193351429e+01
1.192995003863528503e+01
1.091317510767149912e+01
1.063465274805735739e+01
1.072138757652414576e+01
1.195566912956747707e+01
1.210370563822939616e+01
1.169469491351881096e+01
1.032004821613896084e+01
1.129444440344666845e+01
1.163104799049722970e+01
1.146480811087127272e+01
1.221326984277783367e+01
1.187663955455936104e+01
1.089440538949036075e+01
1.265890884610019640e+01
1.107604254213215000e+01
1.103505908916630318e+01
1.199448037979281878e+01
1.178249088918428988e+01
1.167079072544490437e+01
1.114779445713266348e+01
1.172824833639739950e+01
1.224978841281182085e+01
1.216583016665375716e+01
1.181062438860109154e+01
1.043406624729697185e+01
1.180128756755323849e+01
1.229869625100162267e+01
1.151590952696804671e+01
1.325183404363010453e+01
1.299080842114706869e+01
1.074446855119109578e+01
1.061570331713248905e+01
1.246470250674085456e+01
1.215126016164748357e+01
1.204570438128722110e+01
1.258363494252593462e+01
1.156484874697888365e+01
1.262524219234877876e+01
1.282395795514692516e+01
1.223710447974667304e+01
1.178973751166160788e+01
1.148144268357773967e+01
1.053844350926089035e+01
1.245214487141975646e+01
1.181722328267428068e+01
1.208354354240988293e+01
1.080282270288601687e+01
1.171995263811786891e+01
1.177616071499477179e+01
1.158236645354198124e+01
1.190655982860602613e+01
1.213313909939369140e+01
1.120839471681672173e+01
1.035275517862936212e+01
1.163735963543247287e+01
1.048861025447717310e+01
1.134539936432017804e+01
1.080891871306981855e+01
1.114289759785398637e+01
1.300956634005885881e+01
1.093119968155916766e+01
1.157712275887636721e+01
1.196604180993941746e+01
1.139475509185257351e+01
1.041540583962281019e+01
1.188165249402768886e+01
1.149919870423859081e+01
1.129436456601174399e+01
1.082050401288902641e+01
1.240886999789115031e+01
1.093079989868287072e+01
1.144959227833520821e+01
9.614341578278276401e+00
1.212467095494137759e+01
1.189919267797664482e+01
1.064507943018513814e+01
1.081204122513171129e+01
1.063000579528877587e+01
1.217017585366513543e+01
1.160284106930566317e+01
1.213864410325366627e+01
1.170702255284467164e+01
1.103288031185416251e+01
1.136211761753838623e+01
1.018635223117856015e+01
9.773377970816266469e+00
1.125920874353816892e+01
1.140350462770589424e+01
1.218442819537621169e+01
1.023325486157782649e+01
1.233427079851443686e+01
1.085829505194904421e+01
1.096560550096339703e+01
1.159884047214305625e+01
1.200810415623846161e+01
1.047241876343341005e+01
1.185253406158660283e+01
1.225807989118484187e+01
1.090261763530970107e+01
1.154102023601190119e+01
1.203704262752822807e+01
1.058516011945532220e+01
1.234861852137771621e+01
1.214486539468290438e+01
1.213782187751709785e+01
1.195903287352103916e+01
1.193948638782945970e+01
1.191743034831481474e+01
1.147486335143561398e+01
1.101694110839832241e+01
1.216546045388242447e+01
1.131641176693869788e+01
1.096500223290455089e+01
1.168433571319482844e+01
1.247034114171525054e+01
1.078151023037785095e+01
1.097497601365653708e+01
1.151752935759644281e+01
1.192003229655876595e+01
1.091317972282198490e+01
1.253516226223083230e+01
1.178289514911548608e+01
1.064974656192816305e+01
1.166724732226248484e+01
1.076066241849466820e+01
1.107209292268120215e+01
1.122999493940738702e+01
1.110051568751205231e+01
1.037101343282262533e+01
1.220738147561717213e+01
1.127720792684260864e+01
1.211230967205101017e+01
1.180936693165237017e+01
1.174247020675930031e+01
1.203687284615538111e+01
1.226929566318913167e+01
1.222660047368908032e+01
1.219791132345423001e+01
1.163588079682466692e+01
1.154269888035073244e+01
1.216754050222322903e+01
1.166981068865920612e+01
1.100519560374391581e+01
1.300039332169152217e+01
1.264347593169744144e+01
1.076997460456246358e+01
1.069613911205670576e+01
1.157227106667540539e+01
1.081155769905296538e+01
1.225807618886049255e+01
1.195882751725006798e+01
1.105321660747101475e+01
9.831876154430823078e+00
1.141488254637769906e+01
1.110784083459830818e+01
1.235664216269661431e+01
1.147414726220059222e+01
1.198887502385865567e+01
1.077761284820349807e+01
1.131077188743224404e+01
1.218092237636953179e+01
1.222682322907695074e+01
1.039191894428123142e+01
1.116629569908871744e+01
1.105447743073881739e+01
1.154714905165903183e+01
1.101519362846784666e+01
1.071061671778356583e+01
1.091366995846692589e+01
1.083427985113206304e+01
1.236598259151166346e+01
1.023259954603453714e+01
1.158022027081167593e+01
1.210780370731120037e+01
1.174830462157168576e+01
1.063830943137752705e+01
1.173588024458983448e+01
1.006334561688345630e+01
1.094595543435017682e+01
1.144162898889316260e+01
1.236712601058818706e+01
1.220302619522591492e+01
1.317002666991178828e+01
1.176370643337040711e+01
1.199082988488138746e+01
1.194524663830653211e+01
1.200672938371393883e+01
1.152067705809954923e+01
1.150456264902050663e+01
1.120867922177097498e+01
1.097724607142453301e+01
1.044694057286270805e+01
1.150007211383854688e+01
1.100136419624196549e+01
1.232530649142630708e+01
1.184380648615336717e+01
1.296069922252033990e+01
1.188925733176908039e+01
1.260486621075052760e+01
1.281368063323232676e+01
1.175823499618002010e+01
1.170900714756881378e+01
1.207250848972095092e+01
1.150102453531078162e+01
1.246201638726369509e+01
1.217603577718155172e+01
1.185291753029647488e+01
1.154995724843149851e+01
1.138105335360191361e+01
1.277543458655983954e+01
1.132843015351260973e+01
1.072007569299701046e+01
1.193239853748923274e+01
1.119047017989641013e+01
1.164006805993599158e+01
1.190470104426737308e+01
1.209414264250168181e+01
1.067302223846526665e+01
1.037714352586662869e+01
1.187482740396935021e+01
1.165509075586196452e+01
1.212332037766953974e+01
1.131740411562631365e+01
1.155675693456779207e+01
1.080839659762377813e+01
1.061983479547469855e+01
1.273256647516295992e+01
1.118726389570812962e+01
1.168955847024092343e+01
1.187545547746306163e+01
1.096716640266334331e+01
1.071170276694146750e+01
1.142085096235192587e+01
1.162585053329849494e+01
1.216593012998615286e+01
1.223732051486491201e+01
1.170324088008000274e+01
1.141485421142217582e+01
1.105237144443073483e+01
1.152955297843735138e+01
1.073905523338928880e+01
1.231949699004130849e+01
1.137448997364246672e+01
1.159422406981999565e+01
1.165073080158307839e+01
1.154715500079033674e+01
1.110443472669997256e+01
1.142335137259952127e+01
1.173566807696681558e+01
1.060771635613297192e+01
1.117850923022893461e+01
1.303012701474222546e+01
1.222043522215350642e+01
1.158817832134839776e+01
1.183749684032218319e+01
1.048143209030802225e+01
1.114065922767388805e+01
1.144419812557361027e+01
1.122236551132725246e+01
1.311807145914205464e+01
1.250873949275197461e+01
1.049790018483406762e+01
1.267879539330336769e+01
1.163270848066265373e+01
1.215392712920392881e+01
1.058720905141337276e+01
1.172874812342540451e+01
1.058875159867502624e+01
1.146026368299683718e+01
1.343163753229578816e+01
1.132191734126611493e+01
1.229024236691621041e+01
1.189561990793325030e+01
1.255904093230149243e+01
1.192547591703395504e+01
1.214935768675285921e+01
1.179875902861226500e+01
1.180314406401869753e+01
1.115675004753795108e+01
1.116322004120126898e+01
1.133813289657481604e+01
1.191000724571826019e+01
1.211303439206320576e+01
1.098977077828292437e+01
1.198924375729802705e+01
1.119106930357312457e+01
1.200608602611310616e+01
1.258274863387751630e+01
1.163019336106739132e+01
1.133705964129650035e+01
1.186202759318033451e+01
1.125933164675921994e+01
1.153811663092620066e+01
1.257569398537153305e+01
1.164632609032248389e+01
1.178960276902880899e+01
1.122418798803331441e+01
1.070551430900957790e+01
1.205347093648066448e+01
1.118610517886863498e+01
1.126535111880056483e+01
1.189846107720222257e+01
1.106579770175807553e+01
1.157931333761004744e+01
1.168413564714972530e+01
1.220655432989858902e+01
1.079011552123251683e+01
1.147189051084776423e+01
1.051831650945342034e+01
1.076543061457676842e+01
1.146419568796042299e+01
1.112942416184372441e+01
1.202744478089719671e+01
1.200590434541133789e+01
1.118549309341988796e+01
1.270954376553700627e+01
1.084253855533057731e+01
1.047479791104258950e+01
1.214768664818711308e+01
1.140069490605039704e+01
1.116860334757371476e+01
1.169316629101489724e+01
1.163333651665873347e+01
1.087759807322526484e+01
1.106982210249559095e+01
1.285410303545934774e+01
1.245294212978035020e+01
1.172182121645905184e+01
1.103211556394743376e+01
1.076227669936963593e+01
1.253390552270766456e+01
1.132112157025459531e+01
1.334542781460879368e+01
1.169888466295678953e+01
1.126899793007196671e+01
1.023062581068313825e+01
1.122438817271583389e+01
1.132705969965809878e+01
1.077475133916804673e+01
1.186447003959543700e+01
1.231802604542325241e+01
1.162792942862719059e+01
1.125553841239438313e+01
1.205910078381302419e+01
1.221981004421160755e+01
1.265517448055178029e+01
1.099028258956916737e+01
1.171176240089006271e+01
1.133181671210123298e+01
1.217061142889709480e+01
1.257467482956554861e+01
1.109400727061499659e+01
1.235627495920442875e+01
1.055452736057813112e+01
1.017090913797072105e+01
1.118034841700174908e+01
1.130574539577576587e+01
1.144707783131676315e+01
1.123500607185133227e+01
1.080892725298303603e+01
1.202939080533079874e+01
1.220640741272216268e+01
1.119364564747668567e+01
1.182883543284164674e+01
1.161189512902289422e+01
1.116847025273568050e+01
1.207306427723269593e+01
1.068459068686356694e+01
1.245132183179824636e+01
1.215718722387670425e+01
1.163076728747743438e+01
1.094748056919108237e+01
1.238761899288751067e+01
1.196929771284985122e+01
1.164866480074596744e+01
1.236067241722412469e+01
1.151244828668807330e+01
1.185656952537629039e+01
1.209968878036734985e+01
1.228814272732731183e+01
1.099708100828131485e+01
1.073858443686592423e+01
1.279558498683034351e+01
1.096572253525400953e+01
1.106990750681818980e+01
1.074671406246002014e+01
1.161903973539270929e+01
1.218894087621758970e+01
1.135492870222475759e+01
1.151320613531393278e+01
1.192947363360808843e+01
1.242289919319692082e+01
1.145020628785550620e+01
1.213603451690183554e+01
1.155513431234471966e+01
1.001319502675420914e+01
1.061073747801426492e+01
1.185433194575779581e+01
1.193820457283840319e+01
1.233507601681220400e+01
1.142373374582299661e+01
1.220468853675656895e+01
1.204833003319074436e+01
1.183512351487804004e+01
1.203575953766275930e+01
1.158443802259005473e+01
1.119862678151962676e+01
1.085296824231595458e+01
1.023734961830333390e+01
1.104235025986728047e+01
1.217743416177363258e+01
1.179795757449383409e+01
1.142770427126692745e+01
1.130054789108860547e+01
1.131286969763218586e+01
1.328133053673724362e+01
1.150538127257883581e+01
1.196898186424898647e+01
1.267997925305738782e+01
1.159359320749975275e+01
1.134136085727883447e+01
1.212136038498294432e+01
1.104386159822060343e+01
1.189518937560094436e+01
1.110689619176606691e+01
1.148923160952994316e+01
1.214302734453883659e+01
1.109907047963922189e+01
1.083417764334353350e+01
1.189107199716128704e+01
1.153466605890383434e+01
1.134115130715454178e+01
1.158065018855644190e+01
1.206807254025871678e+01
1.157579038885269185e+01
1.188786586165604220e+01
1.038750677706054582e+01
1.215274304548246498e+01
1.155692326772119749e+01
1.119526901587085455e+01
1.070837665296221886e+01
1.173298245712733845e+01
1.124033021614656747e+01
1.104375737302733818e+01
1.204899069976735682e+01
1.194642766202996498e+01
1.123377361629626847e+01
1.200370760177206009e+01
1.179165688892017450e+01
1.124273095783042997e+01
1.242855247508704331e+01
1.264967314201842186e+01
1.106334389540541352e+01
1.277944669272068623e+01
1.287324830401254161e+01
1.033350988202510834e+01
1.226431891427948528e+01
1.108250733435233215e+01
1.164449111597486386e+01
1.253225675627793834e+01
1.132785210140896481e+01
1.138577293258704870e+01
1.097137633591578343e+01
1.317830488744034412e+01
1.162877993101561458e+01
1.155093337397584285e+01
1.185844249818225471e+01
1.023272701082796132e+01
1.043601660290485889e+01
1.104541102207268999e+01
1.125460493980128263e+01
1.278587726904401123e+01
1.204423125694583518e+01
1.183641523022141584e+01
1.171516339146137753e+01
1.017797694281329868e+01
1.172518557121490623e+01
1.166499599997297487e+01
1.154636522343736260e+01
1.226178414540786932e+01
1.120341918294860051e+01
1.142563731653337911e+01
1.153164993221055568e+01
1.165013625092709759e+01
1.090630115559908830e+01
1.290668353089449383e+01
1.078708254844005232e+01
1.158809697732709054e+01
1.080628354609734743e+01
1.014435279081196484e+01
1.033307308628991805e+01
1.002770121793992431e+01
1.219617718468327006e+01
1.104980656422720564e+01
1.169886177405543393e+01
1.137003888838161458e+01
1.092938924138094414e+01
1.102265390638524245e+01
1.182341144153563484e+01
1.194262115189458129e+01
1.221059713565184168e+01
1.117594677362504818e+01
1.106782487438889362e+01
1.240556883644688746e+01
1.161655711619682485e+01
1.080955866046284441e+01
1.214405303960362659e+01
1.067883028041585902e+01
1.045795309832538855e+01
1.202999545204396981e+01
1.116323604659325675e+01
1.119864023658331398e+01
1.072830544630771321e+01
1.190969908366629149e+01
1.240252444800681175e+01
1.220218974238448340e+01
1.099361889779079959e+01
1.154527331438247906e+01
1.079925906648373335e+01
1.409478048843869757e+01
1.127607610698396989e+01
1.208288425108284692e+01
1.058254968061891610e+01
1.225818156633674150e+01
1.219756135496343497e+01
1.258225190852740205e+01
1.205221910807829389e+01
1.127244194233242425e+01
1.135388220341185672e+01
1.212323626706001889e+01
1.153044404662644418e+01
1.089324972108034295e+01
1.212155672025784447e+01
1.230135378917918132e+01
1.210159607204106358e+01
1.107886649901194787e+01
1.226913771749949156e+01
1.025760985756421562e+01
1.176929974988960304e+01
1.217326058717274684e+01
1.295791275240862639e+01
1.174681302635316271e+01
1.023204605807173273e+01
1.083355766366414663e+01
1.128801969526937654e+01
1.097261028650560455e+01
1.186913782278092455e+01
1.274486577634280238e+01
1.122253732488688094e+01
1.228322653260260466e+01
1.181663275559643544e+01
1.215838151724279115e+01
1.173987559798583469e+01
1.076109239860476663e+01
1.072162719822805599e+01
1.140046834063702619e+01
1.041877896705837259e+01
1.193073515867162904e+01
1.235291315135988555e+01
1.178975218935008584e+01
1.133583474951406700e+01
1.270779808753390405e+01
1.284638352678022599e+01
1.086607656738615901e+01
1.207988807259052244e+01
1.243160870459865031e+01
1.199050798651436089e+01
1.246807278580564748e+01
1.272457670104854799e+01
1.240302071325186084e+01
1.187914094625472217e+01
1.157525461757105667e+01
1.149294089331537450e+01
1.144816149321550647e+01
1.049884080913588136e+01
1.296475968565169445e+01
1.194682424933379394e+01
1.109124310563409566e+01
1.106948834697549700e+01
1.244849300758403743e+01
1.188365171499180839e+01
1.214554066830904056e+01
1.060566204610895369e+01
1.237569051726458547e+01
1.128022606983599374e+01
1.213014492567122460e+01
1.180384902661358737e+01
1.078424210924617377e+01
1.093063716649158046e+01
1.134493613879730667e+01
1.202459090459998770e+01
1.277661903378587915e+01
1.173496169590040950e+01
1.132659010533803290e+01
1.073647727111188921e+01
1.179154451883217547e+01
1.264910465633359138e+01
1.019018820906457101e+01
1.159100859404022543e+01
1.143671644256479247e+01
1.155546632417970621e+01
1.173975804494920006e+01
1.154810348175173473e+01
1.191003922050357566e+01
1.315731455443579279e+01
1.132529965484840417e+01
1.218551789677794694e+01
1.157893859017623761e+01
1.206471738601863564e+01
1.102504844549618745e+01
1.225626767886438628e+01
1.138961331327674387e+01
1.185213251850048977e+01
1.406654316094224733e+01
1.130607494354773479e+01
1.143613987650717334e+01
1.203171542588983911e+01
1.236820871151745038e+01
1.103214361762848306e+01
1.202853851631749826e+01
1.193474944605925359e+01
1.112469406549060125e+01
1.152773141980860849e+01
1.205844200565065982e+01
1.189692500996173230e+01
1.217530952602915129e+01
1.162090503953475640e+01
1.334024334272534240e+01
1.202698193703051999e+01
1.192067135824260227e+01
1.317613888518845755e+01
1.164324834781920437e+01
1.099871610975139369e+01
1.139685322028253722e+01
1.231070020145611466e+01
1.274869056833240322e+01
1.149186245351184787e+01
1.210519523935545116e+01
1.212626618976314852e+01
1.242269120449875786e+01
1.198793566481382555e+01
1.115494625609948010e+01
1.211185966880213982e+01
1.252412971397836294e+01
9.803888692345623213e+00
1.136435741548646838e+01
1.117514604454600047e+01
1.157581958316815118e+01
1.096300404161527453e+01
1.266157226918901024e+01
1.251097076331843638e+01
1.216687424152901364e+01
1.092802888528161098e+01
1.070081146082610246e+01
1.067012909604207138e+01
1.193476862291167784e+01
1.222890659778339639e+01
1.027427555343613541e+01
1.106559776273109286e+01
1.110083241949220501e+01
1.228253782911236058e+01
1.149035171309487957e+01
1.199362647004144833e+01
1.110871230471067328e+01
1.072335580250861398e+01
1.142738682924447069e+01
1.174804787717906152e+01
1.075150425981922631e+01
1.229748914220104261e+01
1.163904276719532760e+01
1.186932895242994235e+01
1.080325636705110171e+01
1.067125673975347766e+01
1.242708426916020414e+01
1.176290276391971190e+01
1.188990287935377665e+01
1.165995161486702614e+01
1.106601356369603018e+01
1.156349774585771506e+01
1.274692639026717877e+01
1.146086523510440358e+01
1.106506521128120113e+01
1.188212115712234329e+01
1.113095880009885086e+01
1.300952170242412897e+01
1.314706808609338573e+01
1.224231798120922576e+01
1.253787009557116505e+01
1.106308082168166251e+01
1.146481474847038839e+01
1.156158517052118206e+01
1.137222424820331135e+01
1.044850607045727386e+01
1.282094157815042124e+01
1.161950595518499618e+01
1.026101962891810082e+01
1.089664168200507710e+01
1.061568596869830294e+01
1.111448876790705498e+01
1.150156524129845081e+01
1.210341419596535495e+01
1.147459780595027645e+01
1.230570964698630654e+01
1.089972526429933808e+01
1.260063569372570313e+01
1.111522039322569277e+01
1.145031439308843346e+01
1.063544529843312603e+01
1.079560009651982355e+01
1.201662956763439816e+01
1.248737302875265343e+01
1.244760989719515720e+01
1.146014346692317432e+01
1.051851064577464712e+01
1.273228384894359522e+01
1.043019359706061699e+01
1.167981558537765174e+01
1.127941139735429843e+01
1.103152667297020173e+01
1.041513665902971653e+01
1.192871554351834718e+01
1.108848209899335124e+01
1.174758606488037849e+01
1.216018460028588422e+01
1.189628476199666451e+01
1.136321839981204462e+01
1.064389367994003344e+01
1.143564572732555362e+01
1.189544144888543009e+01
1.166478490095628118e+01
1.197423313754142704e+01
1.191018021473541921e+01
1.125608688658314271e+01
1.142088998717758663e+01
1.093231384327360445e+01
1.124981000316699209e+01
1.140765483679539649e+01
1.141961502995582300e+01
1.128661905701376078e+01
1.205774932214302098e+01
1.100377435502219292e+01
1.150480706683241827e+01
1.165450273353046029e+01
1.181740526652270518e+01
1.177864808858029200e+01
1.142786293465135117e+01
1.173876672698613888e+01
1.146348049268682168e+01
1.087478177725487960e+01
1.168804206411618374e+01
1.208319945839006593e+01
9.977148549042423653e+00
1.096211890560670810e+01
1.144639151805619193e+01
1.109048792930465943e+01
1.194432250354252645e+01
1.108926424225627549e+01
1.059072033556386572e+01
1.219850076995903265e+01
1.112310617799730217e+01
1.194800260400609382e+01
1.279565085671508484e+01
1.055847711328375382e+01
1.178045165585438703e+01
1.218335268830656304e+01
1.223492954917349529e+01
1.203221414721274307e+01
1.142359697437977140e+01
1.135008575756544680e+01
1.147318953885195469e+01
1.171764832822112545e+01
1.201179112491429812e+01
1.105146973386647424e+01
1.144556211913272570e+01
1.199399860344310476e+01
1.158709004080181693e+01
1.105213926351430587e+01
1.134227042501899163e+01
9.758034829640068963e+00
1.210942947960361948e+01
1.188704506785377291e+01
1.114891823647181823e+01
1.081240425724148579e+01
1.049162220286111413e+01
1.123200977686134117e+01
1.211278710682973525e+01
1.225765696667146898e+01
1.101554863919539073e+01
1.106330398533170012e+01
1.205824633994786410e+01
9.986594141647772815e+00
1.119963201274007325e+01
1.162064229343824984e+01
1.140156343531593564e+01
1.260929416614042786e+01
1.201801252090558414e+01
1.320843574107844454e+01
1.069813019474434768e+01
1.167924651035059469e+01
1.209579876572831658e+01
1.227820745675586878e+01
1.217494773302610866e+01
1.250590311019326606e+01
1.225850275608597073e+01
1.233964721338897874e+01
1.125586075998264235e+01
1.128256165768529762e+01
1.196066977656088781e+01
1.093857871386342850e+01
1.270303729049168950e+01
1.030088454020350675e+01
1.081151527252149869e+01
1.153372456672213531e+01
1.205629182494923768e+01
1.136668931006399674e+01
1.076181485535603599e+01
1.246074439241782805e+01
1.214221481994124474e+01
1.264297937247844317e+01
1.159956537368186424e+01
1.096080924514448007e+01
1.190973228606786272e+01
1.134816962659718698e+01
1.210454782039941080e+01
1.188551483414927645e+01
1.124933083469337092e+01
1.154750155303865711e+01
1.129216854892620781e+01
1.286493241768875073e+01
1.153682736655495411e+01
1.103482825856405292e+01
9.633875057324591040e+00
1.138843276959640249e+01
1.245938059999058645e+01
1.156785083530879810e+01
1.206403829192474397e+01
1.163056065116562543e+01
1.159330850936252588e+01
1.125425080432650304e+01
1.097514946488567844e+01
1.249593496864548037e+01
1.139699903230794931e+01
1.368643396846897531e+01
1.067455522935473766e+01
1.232750075147946411e+01
1.159105106412783925e+01
1.213966714820636739e+01
1.168354559483757882e+01
9.892465233648540135e+00
1.197892113035528361e+01
1.122196409766833902e+01
1.149908764838206032e+01
1.145488464253004501e+01
1.209795998780407089e+01
1.178180236093497868e+01
1.104275007178727286e+01
1.244832525877937535e+01
1.177622722463432225e+01
1.138401266956614855e+01
1.266285716744329193e+01
1.217263483114213507e+01
1.233834545244389069e+01
1.110712290617878750e+01
1.177837907482848578e+01
1.233769277097857042e+01
1.297439448781099891e+01
1.173408103728274909e+01
1.026783846657859556e+01
1.155767151182469021e+01
1.217139610897352675e+01
1.145143011119071730e+01
1.161905270070860574e+01
1.247435653973078473e+01
1.035489113656775473e+01
1.244707495954633636e+01
1.275453531458387069e+01
1.158443776061557173e+01
1.212845695812338853e+01
1.193428673049402455e+01
1.148720593723862038e+01
1.116829305191866872e+01
1.121017882216617068e+01
1.105163966881596238e+01
1.232720039068614781e+01
1.283583069982192804e+01
1.098565828021021318e+01
1.256581459333306228e+01
1.105548798136682720e+01
1.274431106110643697e+01
1.015495656050032380e+01
1.161337607539376648e+01
1.075735356002926046e+01
1.177374476930522640e+01
1.105198999429078022e+01
1.137173127158297703e+01
1.035486475614207968e+01
1.185686527841333238e+01
1.244582943611111858e+01
1.242340181104812835e+01
1.142024171375805430e+01
1.231052252528341739e+01
1.134550565329046989e+01
1.044231447937957746e+01
1.193658216665333782e+01
1.215308936232298898e+01
1.184389219170336638e+01
9.986625500514282550e+00
1.239768765201034562e+01
1.134636402019176948e+01
1.158531073910485532e+01
1.238611103112004663e+01
1.150209735124166777e+01
1.269765897624859363e+01
1.144282202342795252e+01
1.188939410049414569e+01
1.231372141770556716e+01
1.122140278885373732e+01
1.154853851608027249e+01
1.325184800661392437e+01
1.170274687115335333e+01
1.169935340824877201e+01
1.106730002749388397e+01
1.232110296320760234e+01
1.117674728445214072e+01
1.132484680174565739e+01
1.118941901499160529e+01
1.200427245109929153e+01
1.220453076336951881e+01
1.187106990272138241e+01
1.247837532885307610e+01
1.208443166052297535e+01
1.230966470983708128e+01
1.214532805241754154e+01
1.193449083059830862e+01
1.133365347018820657e+01
1.108638076070351453e+01
1.177197282659076727e+01
1.197647841616000441e+01
1.156827883957552139e+01
1.114179419978580121e+01
1.126814271150183266e+01
1.196386429596374157e+01
1.231508025853799104e+01
1.129708170419668178e+01
1.183113942972441990e+01
1.218338206195675966e+01
1.134803697190239191e+01
1.185258862760902865e+01
1.113933292750285098e+01
1.137363047521084525e+01
1.155033039043330056e+01
1.078807414704857948e+01
1.075665252271753403e+01
1.242233407993926519e+01
1.178083677264543105e+01
1.126247874760432133e+01
1.066461575123443950e+01
1.177405054170819376e+01
1.174280639573391660e+01
1.111749228335198225e+01
1.110111480808858531e+01
1.158605302602057208e+01
1.124004354151655960e+01
1.236176727556297195e+01
1.114617437721389592e+01
1.092582810426673845e+01
9.834168621256964116e+00
1.169328797341234782e+01
1.162537329478669434e+01
1.063626017393265144e+01
1.017478393767706990e+01
1.003386005853275265e+01
1.193629684070568331e+01
1.194769750183447954e+01
1.085320983428624331e+01
1.123640670622767423e+01
1.187939855310631643e+01
1.199292758366235567e+01
1.083906592649390532e+01
1.247699683895320533e+01
1.209794464456921403e+01
1.143365746377715375e+01
1.181743943706723066e+01
1.117548923057319499e+01
1.131750468643647523e+01
1.224706493274974228e+01
1.225664292080657880e+01
1.191793356286810734e+01
1.147397317739090106e+01
1.066706181857785296e+01
1.273344621183895242e+01
1.154077675745136666e+01
1.008897537793047228e+01
1.420230316447631580e+01
1.119648566550785418e+01
1.247549242463165342e+01
1.280938912345861347e+01
1.100071674608795114e+01
1.225334705009239222e+01
1.127819611996092952e+01
1.088491652616533933e+01
1.061682734611370726e+01
1.181987354042758653e+01
1.053869066114896036e+01
1.170664424996694386e+01
1.229796707144138246e+01
1.081967185326256597e+01
1.198026339119481243e+01
1.111816968845485931e+01
1.157359329410483717e+01
1.161998209091921197e+01
1.146533030310853718e+01
1.211648609604037752e+01
1.107031694915027842e+01
1.068644636862193487e+01
1.079980312214368965e+01
1.224273450333305213e+01
1.209119347352750040e+01
1.139096076274392466e+01
1.166327915534155579e+01
1.221551989808348537e+01
1.129105125616726468e+01
1.171725004569590034e+01
1.076605150179112158e+01
1.133898920165374768e+01
1.190425337418243146e+01
1.258757470200643525e+01
1.141418766853333544e+01
1.217587099627710678e+01
1.149252810522353307e+01
1.099056845895407086e+01
1.109398914683544035e+01
1.107190037850287290e+01
1.133609551198138732e+01
1.087514347022435501e+01
1.128952691283452836e+01
1.131971429679795982e+01
1.115051022779198497e+01
1.246150906298495187e+01
1.205346145609991915e+01
1.210666605604638413e+01
1.210041321694763461e+01
1.112823596033848794e+01
1.158002114231001833e+01
1.321759061846012173e+01
1.184948941492425689e+01
1.164434133519573145e+01
1.097097626801956594e+01
1.041906358252710341e+01
1.159068581924664798e+01
1.182850242058440315e+01
1.270575948002092836e+01
1.042591240851156087e+01
1.211506096340283989e+01
1.091862399707985176e+01
1.103108634495307072e+01
1.154395994303538053e+01
1.160836862445114726e+01
1.180595200306895087e+01
1.136307252462868256e+01
1.228763932715209251e+01
1.278229926859656729e+01
1.135640600884170048e+01
1.162246898479142843e+01
1.097708290216268878e+01
1.133197193573456829e+01
1.154686153062884379e+01
1.154173850928548895e+01
1.180810392266005948e+01
1.193275215868964523e+01
1.073323611521077936e+01
9.920404672364853127e+00
1.177300320590792815e+01
1.115146406519395583e+01
1.155896060533573966e+01
1.200996852299572382e+01
1.134053971944687511e+01
1.085475715380365713e+01
1.228182966600184933e+01
1.126263418335413213e+01
1.137132786101453696e+01
1.148743258942975665e+01
1.145527111453114344e+01
1.122944779557812112e+01
1.239846531767165416e+01
1.198643862761656464e+01
1.035535517332191802e+01
1.094306284148821540e+01
1.081166986413355424e+01
1.208545301491558099e+01
1.207566666495238294e+01
1.172757925939684398e+01
1.239413654872157800e+01
1.196163218227420089e+01
1.190162942253585676e+01
1.210357452249277266e+01
1.017169812042987331e+01
1.071314848072586834e+01
1.143098719504426164e+01
1.197499888197609330e+01
1.283805009788519413e+01
1.150718337088785681e+01
1.088223327842466404e+01
1.232803783970982003e+01
1.102977856716420035e+01
1.184758782207694416e+01
1.182315863003634604e+01
1.163727263203991491e+01
1.222033793523785583e+01
1.138760922438474665e+01
1.125136704897819051e+01
1.201123889154099089e+01
1.054169732490555056e+01
1.216014675842292725e+01
1.157625895241514513e+01
1.160156906233227403e+01
1.074530874581087936e+01
1.170621168307831184e+01
1.159575764736166725e+01
1.199000181865540249e+01
1.154872936527504201e+01
1.103331490586291608e+01
1.222022501380177673e+01
1.259549178210954423e+01
1.212835098477718887e+01
1.100491777316347530e+01
1.187825714592139903e+01
1.163487469999511070e+01
1.116836979812195452e+01
1.264870195004984232e+01
1.175667888529082461e+01
1.197012318803043840e+01
9.510997843090850168e+00
1.137930589552198946e+01
1.241635333834152988e+01
1.094281075046790619e+01
1.097334905427098661e+01
1.136345638542851688e+01
1.137120096749101705e+01
1.210709135635131162e+01
1.072525254236553671e+01
1.112608849766183816e+01
1.194777854561425912e+01
1.208244670511924568e+01
1.173284985493646282e+01
1.195291351925722800e+01
1.011514464611323127e+01
1.150345040503428251e+01
1.165314650384884487e+01
1.120892688910982571e+01
1.091266315944744214e+01
1.156525482962598161e+01
1.026215332513340428e+01
1.154956460214849479e+01
1.266356153737619472e+01
1.162688835338068039e+01
1.140089897198528668e+01
1.298926410461975678e+01
1.148570251173748069e+01
1.177829524543372308e+01
1.121777623490859987e+01
1.182478234350607593e+01
1.171515712451409641e+01
1.114663021788163455e+01
1.340551135113235759e+01
1.085419770679165730e+01
1.128136964781339913e+01
1.181153897876918180e+01
1.087780307845047645e+01
1.097216791786688717e+01
1.243534495568272824e+01
1.130398614625396903e+01
1.195477407707259410e+01
1.099763775439174474e+01
1.181218802251956923e+01
1.199151111576806805e+01
1.112755456009138655e+01
1.159778773117352735e+01
1.054321671842255803e+01
1.069740054728092993e+01
1.083456032127703139e+01
1.196511885752040882e+01
1.209642310086708150e+01
1.117094424572498568e+01
1.141789475645746421e+01
1.277013123988463228e+01
1.128280544478564096e+01
1.097057290929803841e+01
1.216092367156681675e+01
1.150541448313699355e+01
1.157456140899493668e+01
1.127900737998417391e+01
1.221940912623454878e+01
1.232407605339711054e+01
1.132537666599198012e+01
1.047937585279189499e+01
1.211145655742373251e+01
1.076069032361950129e+01
1.180819110864540278e+01
1.229127596044466486e+01
1.122438652891841748e+01
1.185548847685261542e+01
1.151726642164016923e+01
1.288533956532990743e+01
1.108901348852424462e+01
1.097845257894889670e+01
1.116188944509669767e+01
1.219223539015680480e+01
1.104541151921496400e+01
1.037988253322433252e+01
1.144872587763050475e+01
1.241481191409975438e+01
1.169389904694178561e+01
1.174274840713877310e+01
1.269811132740477078e+01
1.190832830537046760e+01
1.246198434554408330e+01
9.969854678840697204e+00
1.111504859169280657e+01
1.133642900186496227e+01
1.070008965139178869e+01
1.142009807842400626e+01
1.157021979646288301e+01
1.244467545913877160e+01
1.141650454293625572e+01
1.095769421600705229e+01
1.213360249607027441e+01
1.223741797868966330e+01
1.128946358519224624e+01
1.084779603019066307e+01
1.210419761769112412e+01
1.207964020009127459e+01
1.017194094506097990e+01
1.093631994965739374e+01
1.196099883218301230e+01
1.183691550343565879e+01
1.120652939107285917e+01
1.081589446773927676e+01
1.207790590705198319e+01
1.138056954979150603e+01
1.198895060573645566e+01
1.119093906068151689e+01
1.085119676419358647e+01
1.081781937473434496e+01
1.095225969684242351e+01
1.179795316575073016e+01
1.176579336685809096e+01
1.052345404239674664e+01
1.149706292298552590e+01
1.072403470113271240e+01
1.031023913520516899e+01
1.215881806552312661e+01
1.211150429371853399e+01
1.115524504039853149e+01
1.297117665990191426e+01
1.153365912658574288e+01
1.179740442748560625e+01
1.138964167395557681e+01
1.084675109323051423e+01
1.160230606149307775e+01
1.187433423614064232e+01
1.102062986570939707e+01
1.202750408173809582e+01
1.054047278900736373e+01
1.180809886968561528e+01
1.182489240132858477e+01
1.200696964328169436e+01
1.105710178007145039e+01
1.169982403322493525e+01
1.160633147998119696e+01
1.286672827380840012e+01
1.093205180730347514e+01
1.154240785402401492e+01
1.030946590071304669e+01
1.083166703348428683e+01
1.201991538551644467e+01
1.221430984436610956e+01
1.183101497445072425e+01
1.250053147482879723e+01
1.114267360769058079e+01
1.174876593664597912e+01
1.098799900381516359e+01
1.155685031127416806e+01
1.267591982203518697e+01
1.208024582847959216e+01
1.026947267749370063e+01
1.187105502558306824e+01
1.041203466388454402e+01
1.155629416111984398e+01
1.141306540336748299e+01
1.123611947365093400e+01
1.214994401731867590e+01
1.099208625311121068e+01
1.189545854423543680e+01
1.118666858091343386e+01
1.277117656073109764e+01
1.172684719065295766e+01
1.252624010776377794e+01
1.118126382090791537e+01
1.265760593720560045e+01
1.151057019808770221e+01
9.842411259386006250e+00
1.255539783192119963e+01
1.129588192686092540e+01
1.035760562072452373e+01
1.031829042831336274e+01
1.193210419982180781e+01
1.123861174255599416e+01
1.189091138277717086e+01
1.248975951959174679e+01
1.117640294807214651e+01
1.141909688512819976e+01
1.161478941363063733e+01
1.162923374433523449e+01
1.252521780536648599e+01
1.150696883179785956e+01
1.147613178303572745e+01
1.216022371861649631e+01
1.199685939660428957e+01
1.141397681096369610e+01
1.145097193125110913e+01
1.098558451913891076e+01
1.101682164783934681e+01
1.178473825260155472e+01
1.256959611194491444e+01
1.078270280723628716e+01
1.252110754215569521e+01
1.198689209414169454e+01
1.109932303551227228e+01
1.160991921005581418e+01
1.078694608281204381e+01
1.261957470662348157e+01
1.214742740358829032e+01
1.211318553907399753e+01
1.204156644295703416e+01
1.215740050325944566e+01
1.215427452396029651e+01
1.153417765165801434e+01
1.084044579978291445e+01
1.090511217098870667e+01
1.218506297541529371e+01
1.164041046892835496e+01
1.019137090151893688e+01
1.200002756796574133e+01
1.112116477291324657e+01
1.067511994248654261e+01
1.112449432043182895e+01
1.070117089946301370e+01
1.163013776942291777e+01
1.063885994400782309e+01
1.303448264912918297e+01
1.101304717039548109e+01
1.153131395912657986e+01
1.128490987310365767e+01
1.294643900611671050e+01
1.217625184484009182e+01
1.135009778613776277e+01
1.208158908143029464e+01
1.186303828221149637e+01
1.157009751999942537e+01
1.155632982033652034e+01
1.182116639134553537e+01
1.251522398010945736e+01
1.146764728501892527e+01
1.061909631948411459e+01
1.190178046690127189e+01
1.278087271099392019e+01
1.241511904074481976e+01
1.152756195775613790e+01
1.169069173597570099e+01
1.110869970536860940e+01
1.208414002198858128e+01
1.176478407891261391e+01
1.275411841069712615e+01
1.258498938334711070e+01
1.275939904250678403e+01
1.137352777553753747e+01
1.208735368011151223e+01
1.182356079257413839e+01
1.305370487097763643e+01
1.308064250122939676e+01
1.248177053403448333e+01
1.245799748066200330e+01
1.235014579044549166e+01
1.216704551190173333e+01
1.273754342252012073e+01
1.092218497522039478e+01
1.113794637976479862e+01
1.168148326742398702e+01
1.195416771982788973e+01
1.135688312421462953e+01
1.113248754736103407e+01
1.188059782254899943e+01
1.166801849029741689e+01
1.200132222733771137e+01
1.189348060817480679e+01
1.251098622623583267e+01
1.252078806144671574e+01
1.088222720482193751e+01
1.235177940071599245e+01
1.159588116900839871e+01
1.223552861671768710e+01
1.153618112941111562e+01
1.065507751643621859e+01
1.239824877179706064e+01
1.147815646428677283e+01
1.144497375067818368e+01
1.078343187651673141e+01
1.170009710154305971e+01
1.154623063013468887e+01
1.156880564749095086e+01
1.146438449801925508e+01
1.118791357847407397e+01
1.170613802559558181e+01
1.179908591308737087e+01
1.142708165499843709e+01
1.136345200863350158e+01
1.057046840270714583e+01
1.185417744998222211e+01
1.230128358295337065e+01
1.179970220692261407e+01
1.206809391685266064e+01
1.047479878093059114e+01
1.234779042441287977e+01
1.253770898398592948e+01
1.266666274155963912e+01
1.220016982906751757e+01
1.200328661497461269e+01
1.272357439429038983e+01
1.126896116281197457e+01
1.239672760235110971e+01
1.178242873190544238e+01
1.169520249358012798e+01
1.106894222209608181e+01
1.169213510496449082e+01
1.201685674807983162e+01
1.203039970361787425e+01
1.223704286192563373e+01
1.154685459010253901e+01
1.181018024904430774e+01
1.211873816718844843e+01
1.092709557652174013e+01
1.195004968781885424e+01
1.260778716933217858e+01
1.228541859311053486e+01
1.230447162549798712e+01
1.150398275744558774e+01
1.175710474627222979e+01
1.125659528589667957e+01
1.145488307667131700e+01
1.099052180937411904e+01
1.135786249876776921e+01
1.235453925732914016e+01
1.125602035990081795e+01
1.192443787369689367e+01
1.255517395037717776e+01
1.084832968360588801e+01
1.096507467119270984e+01
1.266590251332373818e+01
1.048984424417110262e+01
1.173434604939398973e+01
1.104469740244317855e+01
1.164824024908123867e+01
1.137541876531128793e+01
1.086451659535175196e+01
1.168821423760758904e+01
9.996430896973068414e+00
1.058900951050177319e+01
1.143540347495863507e+01
9.634870079792653641e+00
1.182873306756418685e+01
1.119987079549541420e+01
1.233018261204583332e+01
1.238749373184397129e+01
1.125000235134328719e+01
1.140565859544077121e+01
1.176372548112748362e+01
1.072428234012940962e+01
1.220978038009683253e+01
1.090936663761959124e+01
1.053488017301820001e+01
1.232208295566574030e+01
