8.105872528254799647e+00
8.443782030943234318e+00
7.819823294000350700e+00
6.678636606020126543e+00
8.609085477364136096e+00
7.642545660522627848e+00
7.105820681324899191e+00
7.921954436136900313e+00
8.084407953171719896e+00
8.401103369617525018e+00
8.192916475319670155e+00
6.719246452796415525e+00
7.405012861402386903e+00
7.773997723998530063e+00
7.026102163712440785e+00
8.620322881539864923e+00
8.400967165928715730e+00
8.095288563708484375e+00
7.998515186567307644e+00
8.046414342654806262e+00
7.251217831905638178e+00
7.182033317109964621e+00
7.406835766401903776e+00
8.436518292445811085e+00
7.888591417321291210e+00
8.163767097547514950e+00
7.753813311100751449e+00
8.983530998115295318e+00
7.443099203906624162e+00
8.706881241446808417e+00
6.723820237858561200e+00
8.317616220298454266e+00
8.103209510242029623e+00
7.987632710556678894e+00
7.226952913723286187e+00
8.842289735329524447e+00
9.922278962668839242e+00
7.307597981059688941e+00
8.190782373327030186e+00
6.905220790843044298e+00
8.089192439656329725e+00
7.644736604689027715e+00
8.244892131162320226e+00
9.210122803368525624e+00
7.203120560728281774e+00
7.461774121824085171e+00
8.126827219024510995e+00
8.125271560025369766e+00
8.488532602365523871e+00
8.390880327620820367e+00
8.048107320110196028e+00
8.152140639998792793e+00
8.441557220338768985e+00
6.964661994688022162e+00
7.331029775313344210e+00
8.753352976847704525e+00
7.594701860055057097e+00
8.185491390466449246e+00
8.525624233143238584e+00
8.196348655872613520e+00
7.415550848986779187e+00
6.259088703038671042e+00
7.974645384714049712e+00
7.844822878333865823e+00
8.428747775794198205e+00
7.967399901414145447e+00
8.690357718684252220e+00
7.678897900189388892e+00
8.125336956267515731e+00
7.422071521303695185e+00
8.524856290618490817e+00
8.557172294008511315e+00
8.547078841442081298e+00
9.286948484842968199e+00
7.350106521983292396e+00
8.391701742989852164e+00
8.388274334966181911e+00
8.041669608593503327e+00
7.889697107483821803e+00
7.342445826568793521e+00
8.209671017366114043e+00
8.159630633844601633e+00
8.761570493359077005e+00
8.920375506554103495e+00
8.025509444122503666e+00
8.239653465311134184e+00
7.451763934038773129e+00
7.291408961585355897e+00
8.483379787597483457e+00
8.308079452905113627e+00
8.495498566140279095e+00
7.619015556434482583e+00
7.899067493410092844e+00
8.049975595389536664e+00
7.175821564465775459e+00
6.925327679682331983e+00
8.030871899058521279e+00
8.037928194506108071e+00
7.824958931252419703e+00
8.344890742402135686e+00
7.776049918095764291e+00
8.895325184722915779e+00
8.110657209586880967e+00
7.994759517938659243e+00
8.543917989752188191e+00
8.074850046538779580e+00
9.066827739704532263e+00
7.477618098689072568e+00
7.567063738434910647e+00
8.009830574140460513e+00
8.254698486465224860e+00
8.689078447383034032e+00
8.562225644456324503e+00
8.303870125241280320e+00
7.970875533524460543e+00
8.553206782798730146e+00
8.804431582076968965e+00
7.318298208359291124e+00
7.798600103870763967e+00
7.166015467439475373e+00
7.354457268602124564e+00
7.796684900964724996e+00
8.483042570003719973e+00
8.836006665663250104e+00
7.835329479842542355e+00
8.186682619770754954e+00
8.825130412934900193e+00
7.810389531215731651e+00
9.094662201872052876e+00
7.573607182084121092e+00
6.973031345509502543e+00
8.457053868976931454e+00
7.780144378650984294e+00
8.826717307920484146e+00
7.362773938283377007e+00
8.472732139493839298e+00
8.284901755838372850e+00
9.432726634849215586e+00
7.813692560847240287e+00
7.871745248676831785e+00
8.329222193885932768e+00
6.530454447223032588e+00
8.095145756267891457e+00
7.604694856233765954e+00
7.909977298140655755e+00
8.313091896685016025e+00
7.840120770744244183e+00
8.340017376412195205e+00
7.341420316406574109e+00
8.680473684177743010e+00
8.191945354590149719e+00
7.182331094227754953e+00
8.790028154493990442e+00
8.603204957766525496e+00
7.941824574572401652e+00
7.693518092494333160e+00
7.947306889759430781e+00
6.680373362175954455e+00
7.308951677064033703e+00
8.188139122156156802e+00
8.206026189306253826e+00
7.618272554543253250e+00
7.794597749276094056e+00
8.308591290331182933e+00
7.643929428215255228e+00
8.931535109779838777e+00
7.708410446414358574e+00
7.931403882420585916e+00
8.521992476867911392e+00
7.750603629155312646e+00
8.616618324635506809e+00
8.374430246624294583e+00
7.944770997273482571e+00
8.585613166784774819e+00
6.280894293445098420e+00
7.939667064892429238e+00
7.558671354288885702e+00
7.433513566244689841e+00
7.591939845669926967e+00
8.283654962833466584e+00
8.278826191283378932e+00
8.469466026579706153e+00
8.547668737354479518e+00
8.850916483604077456e+00
8.464165215419006572e+00
7.305783548517893244e+00
8.527234942627407221e+00
8.991553826394245164e+00
8.559292578437972310e+00
7.648170408175798407e+00
6.937030884115838347e+00
7.606210846122150038e+00
7.967812806901962475e+00
8.040248424659122151e+00
8.275250909024453705e+00
7.422874131550751819e+00
8.658010363716901026e+00
7.764527567536400277e+00
8.376426767694381326e+00
8.285089435105215117e+00
7.648975938937054408e+00
6.918188642683812617e+00
8.255428642947100215e+00
8.590117895263892578e+00
8.139503280309712707e+00
8.354723603903751794e+00
7.620215007011291952e+00
8.068056987542874481e+00
9.214038963571020702e+00
7.724841414173633680e+00
8.620016147633792869e+00
7.718639545669720547e+00
8.582828119235175635e+00
6.987468097047956128e+00
8.668968773396052541e+00
8.524619407625394274e+00
7.887283415295476274e+00
7.265677205167533792e+00
7.835311010460466186e+00
8.350608323975901470e+00
8.093454985072609631e+00
8.322256796868950701e+00
7.652008754499843413e+00
8.317887930282733322e+00
7.801934596465828875e+00
8.454381393291944491e+00
9.352479235140044977e+00
7.151121387392053386e+00
7.434306727798626113e+00
7.717803888949856805e+00
7.380615394056620815e+00
9.090203472186434652e+00
7.472689492756505736e+00
7.484996341773929807e+00
6.842208647913076369e+00
8.301499960718352611e+00
7.535060571349855074e+00
8.545452118000383734e+00
8.046267315192382696e+00
8.204914511703206514e+00
8.180103386458268844e+00
8.344307637036292746e+00
7.993998013434994832e+00
8.741625365223352873e+00
7.445998676847584541e+00
7.510309353571241076e+00
9.187541850558487155e+00
8.319256397250777368e+00
9.169192639191269478e+00
8.076362650972518153e+00
7.472577077971608972e+00
8.763283869735195353e+00
7.214923729549453491e+00
8.397113038563835730e+00
8.467026650419088085e+00
7.577050930433445686e+00
8.489249602272812112e+00
7.444447453181753716e+00
8.713566655923290938e+00
7.502385215998854662e+00
7.842628320498157279e+00
6.104574202414879025e+00
9.197536623805532940e+00
7.716950365654802191e+00
6.540821991537900004e+00
7.795559626160459388e+00
7.424469682058815856e+00
7.932264724894412034e+00
9.213380601572488615e+00
8.148283566966167513e+00
6.978744867875244395e+00
7.894111923343078097e+00
7.662816238657805812e+00
8.626657938607886322e+00
7.482876038996511880e+00
7.869338974713035562e+00
8.896133186437237939e+00
8.149835330848716808e+00
7.838924789360142142e+00
7.289209999379869132e+00
8.330928431664109013e+00
8.012962341879084960e+00
7.274540420679246999e+00
8.264147878822560855e+00
7.657453156205461298e+00
7.509725529976284619e+00
8.274094091134374551e+00
7.591827528686830640e+00
8.005799802127580023e+00
8.903368466314132590e+00
7.378074089179763817e+00
8.192507375003463821e+00
7.231821535307929594e+00
6.486284149835322310e+00
9.416599748059086394e+00
8.144940324083142613e+00
8.487889516763878817e+00
8.064066660594862768e+00
7.824035192818506346e+00
8.094272085213928491e+00
7.585042066074447753e+00
7.121272852669221720e+00
8.099695041209312052e+00
7.023988609873157429e+00
9.085477401391923280e+00
7.299338884750492085e+00
8.657453434488502353e+00
8.172804209387322771e+00
7.897015705775197070e+00
8.238769991216305044e+00
7.785502434053636733e+00
7.365932454089497483e+00
7.999340220696743664e+00
8.164422192622911467e+00
8.777473473852330343e+00
8.009415876904457221e+00
8.240505326858805546e+00
8.712712854325831202e+00
8.117512397907026056e+00
8.547520411355215231e+00
7.622399530699094150e+00
7.846431508727943260e+00
7.777391815081093007e+00
6.985334316816334876e+00
8.707593475664964444e+00
7.972265015696343937e+00
7.254210515280137272e+00
7.979731478938402844e+00
6.979253312003176113e+00
8.317403784226021557e+00
8.058404584177690566e+00
7.756138585570305111e+00
7.886607309455274439e+00
7.003167431551743149e+00
8.305606112762916382e+00
7.381722798064140001e+00
8.709040300296212678e+00
8.634256734874210082e+00
8.421095755872224586e+00
7.826446140414126340e+00
7.845216580997402822e+00
7.332590478574084969e+00
8.764201466530325391e+00
9.051492205222906762e+00
7.260435307600053179e+00
8.451292629240244381e+00
8.715394038148836842e+00
7.640080508936424764e+00
8.334486935085518411e+00
8.163442735316321475e+00
8.473232604658777589e+00
8.331141512363400281e+00
7.702078327635668131e+00
7.193832100307825606e+00
7.460469344966158545e+00
8.200623838985322323e+00
9.138126319795388142e+00
7.598600823389936920e+00
7.676779263163486355e+00
8.785966888659562102e+00
6.902945034085076870e+00
8.357224844781583784e+00
8.817625865177239675e+00
8.505998479047450544e+00
7.710266790643489188e+00
9.129462060891656350e+00
8.475739016060074960e+00
8.614079280183268850e+00
7.029780919138285178e+00
6.265025995533095582e+00
8.516457872621213454e+00
8.142488549310376911e+00
8.332587193897088795e+00
6.591733492208494916e+00
8.885485959771799003e+00
6.166635428946326769e+00
8.582852460475853817e+00
8.548171191963177762e+00
8.586692207592500736e+00
8.750459030041497499e+00
6.790975412307783898e+00
7.409265684013990771e+00
8.650714967267116862e+00
7.058763542854108231e+00
7.078675465079178331e+00
8.790988415105442044e+00
7.597515881343982258e+00
6.979776437219139318e+00
6.096472494872150705e+00
6.679260778021775202e+00
8.686766107841904727e+00
7.504298690062891630e+00
7.985301153118980366e+00
9.422036541665994136e+00
9.385217406119693351e+00
8.062659293513702252e+00
7.370578964752706241e+00
7.986107971814345063e+00
8.490404947893004817e+00
8.438100312007673409e+00
8.024263435853999482e+00
8.292192323354383277e+00
9.101117107936522288e+00
8.628173739474943815e+00
8.399029752647503955e+00
8.360605441520617021e+00
9.355966077827240213e+00
8.333650664067766556e+00
9.350060455852288399e+00
8.741289672638330899e+00
7.461823368399612910e+00
7.154984462785098032e+00
7.386695202745629629e+00
8.387865927555154144e+00
8.612787337702082269e+00
7.164214740677767423e+00
8.089739530428587955e+00
6.516614754839102019e+00
8.774639314173461102e+00
7.409750528725965069e+00
8.503889078125057566e+00
6.939348968532238260e+00
7.907127219542801733e+00
6.504524302684385084e+00
7.932732839350525644e+00
8.534474220214400830e+00
7.712979426742177402e+00
7.131664479164212977e+00
7.322787050638637218e+00
9.816011666955233750e+00
8.425843248424175869e+00
7.701683384083184869e+00
6.882431817905938054e+00
7.844898565272292679e+00
7.618751736506074401e+00
7.859794874400190423e+00
7.697674615642474905e+00
7.068028850614854086e+00
8.377291990556971157e+00
8.073496207095557153e+00
8.549716971493298345e+00
7.977380379045433401e+00
7.465375615493251793e+00
8.089915508136835243e+00
8.088802015284343838e+00
7.875694072243165422e+00
8.514585837626473364e+00
7.661379592608205336e+00
8.377573140921612094e+00
8.673378000175823388e+00
8.170087428010614161e+00
8.094900447113859698e+00
8.962973623974223258e+00
8.574958767634747403e+00
8.170527583311944397e+00
8.345805609834437533e+00
8.127482946779023720e+00
8.812919344364853913e+00
7.438121950638817204e+00
8.193521366224757685e+00
7.067631705857637670e+00
8.750073384311148672e+00
6.659565451529571689e+00
8.818037576497401275e+00
8.650235578446780593e+00
7.606514092405866734e+00
7.672094631048398838e+00
7.721287356909765087e+00
8.634310855514080174e+00
7.208846074925265413e+00
7.217780438612979133e+00
8.091062898486377719e+00
7.657017394609405336e+00
8.023028193177683676e+00
9.289500334854148278e+00
7.547331763819664197e+00
7.417224853434220222e+00
7.320640972842547001e+00
9.320808488051792295e+00
8.646585223299579681e+00
6.928976227207520822e+00
8.799989622465227868e+00
6.982808023236064088e+00
7.455165200110075219e+00
9.308189066736829886e+00
7.770247342775882693e+00
7.628818067828289529e+00
8.103818838440414396e+00
7.865930222498872304e+00
7.642986542047915499e+00
8.803525838592186403e+00
7.824489996173025652e+00
8.423616841297542734e+00
5.656594369228885810e+00
8.437757819761314337e+00
7.289857279433213932e+00
6.961582406463197259e+00
9.284921334931825143e+00
8.255719318974621856e+00
7.502758314645999960e+00
8.977954417935363196e+00
7.767645998291874854e+00
8.614448199843613097e+00
8.429305071863925747e+00
7.530691824391195333e+00
8.535927660302053965e+00
6.847551090190908241e+00
7.751522407148613070e+00
8.285397588229393762e+00
8.223993863967248075e+00
7.499470585178197091e+00
8.051560011910332548e+00
8.090494434065059082e+00
8.587583979519934019e+00
7.234443673277042741e+00
9.882033705222005082e+00
8.326322719476948464e+00
8.204311997937280054e+00
8.533835626232963989e+00
8.014962719813109260e+00
7.786886698359373860e+00
7.510154808004382510e+00
7.927328680705013397e+00
8.319378762863367527e+00
7.326826413532014470e+00
8.657425544957868979e+00
9.093958975683172241e+00
7.292115706728794500e+00
8.406567311229242279e+00
8.005407859624515510e+00
8.568323879947259414e+00
6.912766160766815382e+00
8.640441879562763106e+00
6.775236170955942328e+00
7.566082279919679188e+00
8.767609693172802920e+00
8.145328229315049740e+00
8.861327897780917340e+00
7.354897507822242275e+00
7.773178242059374021e+00
8.518849601421338846e+00
8.289501712202351769e+00
9.266812431000177597e+00
8.097763890130988074e+00
7.281586271948999212e+00
7.826202903974091463e+00
7.388068565594011261e+00
9.431040929370023917e+00
7.149658701384252524e+00
7.808757178160919743e+00
7.897571464469171687e+00
8.341765217727896697e+00
6.935613025181566194e+00
7.255853125462828679e+00
7.317674642529791385e+00
8.302144533108943847e+00
7.909272271428169354e+00
7.606591911573459264e+00
9.332450505393364182e+00
8.482710973823172296e+00
7.922783032945096338e+00
6.762282035242114020e+00
8.858037485328237537e+00
7.073981545200768828e+00
9.629928388142062090e+00
8.541265589969135874e+00
8.415079710824198145e+00
8.597195146910300068e+00
8.193518250340732223e+00
7.159158410410856987e+00
7.745466023949480139e+00
8.756188319352002480e+00
8.364720156157389397e+00
7.979751033961304252e+00
8.474401370745310302e+00
7.573810767614282291e+00
6.668511522268091518e+00
7.533203781652482611e+00
6.940766117160102056e+00
7.805194622382068736e+00
6.922975901713191327e+00
8.409626935644560319e+00
8.576507730246328620e+00
7.158325200455808890e+00
8.399963271931717657e+00
8.579345276658473907e+00
8.325660727655938231e+00
8.534841945133798902e+00
8.728242691149253218e+00
8.528456512116846966e+00
8.498067623962823447e+00
8.638945906174821943e+00
9.121832298693295371e+00
7.511291667654405479e+00
8.737741690971631670e+00
8.343073616487572508e+00
9.203215024481687934e+00
8.687509070312072978e+00
8.242182260404693039e+00
7.911474794699940638e+00
8.061060131122292916e+00
8.937543855760257117e+00
9.172955256379641042e+00
7.275263589250659635e+00
8.790363993686284516e+00
8.453016350971877202e+00
7.642837225805841683e+00
7.558637816241291496e+00
8.220625685181614628e+00
7.852180157700949792e+00
7.260735194970820316e+00
8.336918827584504754e+00
6.955898180508023998e+00
8.025494379443408377e+00
7.597690394969714767e+00
8.843897591289898941e+00
8.408727399442751604e+00
8.107050321393574066e+00
8.757566260930634172e+00
6.294559692851384725e+00
8.839850458001551559e+00
7.416420895458112561e+00
7.056228414492360379e+00
7.957230412434698863e+00
6.627585201519094582e+00
8.510299511792513982e+00
8.887350227891786858e+00
8.331484280951675814e+00
8.162411519298849782e+00
8.519871564092856175e+00
7.757549013584218223e+00
7.914153311400719204e+00
7.958068138157366356e+00
7.456218585467922821e+00
8.856458845933007140e+00
8.614748339857129622e+00
8.448997856015386887e+00
7.677334367510530555e+00
6.781542789745511612e+00
8.440145896314055207e+00
9.173377449265533556e+00
8.255121837200547930e+00
7.729409131525165400e+00
8.705988222470161020e+00
7.228707394631683769e+00
8.184232650289434474e+00
8.519360277151244887e+00
7.835480155908944866e+00
7.518868507239057308e+00
7.793420987466215699e+00
8.311677113925723503e+00
7.737137701595806050e+00
6.652993056502512381e+00
9.086382792425732546e+00
8.748233999846570796e+00
8.302177942165451796e+00
7.786741703201235154e+00
8.252191270927742295e+00
7.891973345330109524e+00
8.091117795387797074e+00
6.812745468699783480e+00
8.386450664449077053e+00
8.635522413668658359e+00
7.894797873845763370e+00
7.671612579008264987e+00
8.112659879731713986e+00
6.148765403622385328e+00
9.217689537814326428e+00
7.394219445512416833e+00
7.113006023046080095e+00
6.890730776222617315e+00
9.127386109197708208e+00
8.332601593657392058e+00
7.051737922779286905e+00
7.564075175311050003e+00
8.401374212285062981e+00
7.522869831935781626e+00
7.296727627548171391e+00
9.526924367399731253e+00
8.242980132033112639e+00
7.212375253344546877e+00
7.963920999648827603e+00
7.694165017420075969e+00
7.983158590416246092e+00
8.858774588730046418e+00
7.711147701070624194e+00
7.744902113151202805e+00
6.450571509447160068e+00
7.598964122667184462e+00
9.496686904874289681e+00
8.371679100551418173e+00
7.180045481638737570e+00
6.808010085597021366e+00
8.650733682377948597e+00
8.057946648694480629e+00
8.515330356995791661e+00
7.684124815950576171e+00
8.709947069193590963e+00
8.398344907107752277e+00
1.018524896313338068e+01
8.309748024521807608e+00
8.595054448134618497e+00
7.512157946964685529e+00
7.422520737822858372e+00
7.677339335137109977e+00
8.261331553755995927e+00
8.048405545169000419e+00
9.028752884479391838e+00
8.338037642077662071e+00
6.617566620675066957e+00
8.491347501614216142e+00
7.582011048643080287e+00
8.296132270363813177e+00
7.958843053239013088e+00
8.253440551394440661e+00
9.262868593185727306e+00
7.355342843944245423e+00
8.614483596809964894e+00
7.733650607277228417e+00
6.496017257810640544e+00
8.707196728568227684e+00
8.707006707159123948e+00
8.328869761948835659e+00
8.086567153652717721e+00
8.035239157085438677e+00
9.088763115865031494e+00
8.162988726792764993e+00
7.609501067927610940e+00
8.827330056615831921e+00
8.596045203866164996e+00
8.075947093275551936e+00
8.651202756769871272e+00
9.355887648068213380e+00
8.360529920975345419e+00
8.391059412129433071e+00
7.464865417773625111e+00
7.692246154204675612e+00
7.633766530275882367e+00
7.771773607813974749e+00
6.998689088640245970e+00
7.923530639255368158e+00
7.263941848406315849e+00
7.460500959547431421e+00
7.253182059493646250e+00
8.086320892676587491e+00
8.596786958755686214e+00
6.543484835840606806e+00
7.347002796614938269e+00
7.954874451008241643e+00
8.827058826381586343e+00
8.006443479610132030e+00
8.279105220859957370e+00
7.538727249057098234e+00
7.567980713863478037e+00
8.852435953910195110e+00
7.578930485882295898e+00
8.107082350471914722e+00
8.806262713812339271e+00
7.474109749356800059e+00
7.777298009656143485e+00
7.913572503336029129e+00
8.085436846238936326e+00
7.093491220325222280e+00
8.032013815020713210e+00
7.026108266774092392e+00
8.154294440942436495e+00
7.600029995839245878e+00
7.346353615387792857e+00
8.873639273287235341e+00
8.768374519501570319e+00
8.432891074762627781e+00
7.924061541605541770e+00
8.084631434425880059e+00
9.019571722090523380e+00
8.552655718132687213e+00
6.584411505174570856e+00
8.066255738893937988e+00
8.302244285996231099e+00
7.826867900055915150e+00
8.042916341254098711e+00
9.249750924592154533e+00
8.225170050379315256e+00
8.104017990755197687e+00
8.127320345823324743e+00
8.410438436009879837e+00
9.622246621992525561e+00
7.846878778509795538e+00
7.660686139819081752e+00
7.918028331457198199e+00
7.759445485376245344e+00
6.918675721839511183e+00
7.071760250516449631e+00
7.658762150598465546e+00
6.478025945151996368e+00
8.318988101679927638e+00
8.861661041480655143e+00
8.137528353511186197e+00
8.723260696261187164e+00
8.288079078306129333e+00
7.925512181666488409e+00
7.585881987926824443e+00
8.962971335598124867e+00
9.190829348508440688e+00
8.684794024620368091e+00
7.802236445383036845e+00
8.142209150074457114e+00
9.187830856367192212e+00
8.211148491390659387e+00
7.756276866163503314e+00
6.258848839282979526e+00
7.916583998910161846e+00
7.291406434323421060e+00
8.053321286657112665e+00
7.790218278719488687e+00
7.736804825189297574e+00
8.795795630438462354e+00
8.497126882253116520e+00
8.771535393709893214e+00
7.943686013596182427e+00
7.554351556969421289e+00
7.748459084102616856e+00
7.169081725741886402e+00
6.430594817229295046e+00
8.360701425779161866e+00
8.174070383703805120e+00
8.755931315819299954e+00
8.304469983742384542e+00
8.328639173930250550e+00
8.975596131882658923e+00
9.547687669965148061e+00
9.027222114587392099e+00
8.846170525460186340e+00
8.950722223329080407e+00
7.430023863129693318e+00
7.966201139289192490e+00
7.621582842758787280e+00
9.554016807335210970e+00
8.790219664279659284e+00
7.716946724292109039e+00
9.005649757110916198e+00
7.848132006989673393e+00
6.418640640467796921e+00
7.461510217013499258e+00
8.227532390236902415e+00
6.938078419746498859e+00
7.591343928723659928e+00
7.766923813783741970e+00
9.165709875374144389e+00
8.489436657724693802e+00
6.846457356852541309e+00
7.923864333560759476e+00
7.646937565477572640e+00
7.516259391972665682e+00
8.369376518195471348e+00
7.993802794123484823e+00
8.397249746191846498e+00
7.658478742239934967e+00
9.314039658926676069e+00
7.913711867825053758e+00
8.577621485272038271e+00
8.448734826617053884e+00
7.174163298705681591e+00
8.682230044172813521e+00
7.320175375534287099e+00
8.273982267942479041e+00
8.275834323999346154e+00
7.518187189932220349e+00
7.466093469087800472e+00
8.666829903055907280e+00
7.982424522409373502e+00
8.462851657546092810e+00
7.918766290907123917e+00
7.657319453992108116e+00
8.471907705497828900e+00
8.446765955801803116e+00
8.448745919624601086e+00
9.029256056954444887e+00
9.617601622159234864e+00
7.082979815656438305e+00
7.860665434683884456e+00
7.996499074361884674e+00
9.076346700740618445e+00
8.132254145552533231e+00
7.481073683442564182e+00
8.579357000372029418e+00
7.927465188029613863e+00
7.972304738384400125e+00
8.101000135036491301e+00
8.300556324714499112e+00
7.505680692672973109e+00
8.440532252385411383e+00
7.941768291250489220e+00
7.915402010076050487e+00
7.921670324757666748e+00
7.781958483919902747e+00
7.764637883471855240e+00
7.167346457308185315e+00
7.069346967529176240e+00
7.306958056010487645e+00
9.206184686018778152e+00
8.151422193437651842e+00
7.630865136236284485e+00
7.500335121388780557e+00
8.635541505814247287e+00
7.594319279073558526e+00
7.715780217732324253e+00
7.947447476508019193e+00
7.303864224085089063e+00
7.652991226980731199e+00
7.898430092331755858e+00
8.260506159485768052e+00
8.460986533695324496e+00
8.615740713032248976e+00
7.965895798680146633e+00
6.704400744598354223e+00
7.833472151037801368e+00
7.947177046579242621e+00
8.049689626416558497e+00
7.470937583520847802e+00
6.811359079745661127e+00
7.701424526651534208e+00
7.603782927317394247e+00
7.349214238606692540e+00
7.229730670245910318e+00
7.803953148196985268e+00
7.860748495347896103e+00
8.008043451845932026e+00
7.646246685934030118e+00
6.997054625736334188e+00
6.963502508525852619e+00
8.597006323744173173e+00
6.191067030674832772e+00
6.767736488015138718e+00
7.625655440413627417e+00
9.296142807939345332e+00
8.715895739746130744e+00
7.859393929646148358e+00
7.460382767343954669e+00
8.112066595178527351e+00
7.376452483102550417e+00
7.113540677277983448e+00
7.200608343254076615e+00
8.529591002136623246e+00
7.657729392983193328e+00
8.099829442790781542e+00
8.860469230019134557e+00
7.808408559941172555e+00
8.195003977932122652e+00
6.869294352803319015e+00
8.485977424512196166e+00
8.205405463248416353e+00
8.222833430848474734e+00
8.096861980847807061e+00
6.585525302639156031e+00
8.284599818924080594e+00
8.103576122697724315e+00
8.255216868333201674e+00
7.210335667921971670e+00
8.353590855412360128e+00
8.217585066122250481e+00
7.349645682436053207e+00
7.255429132541724613e+00
6.760764655669510681e+00
8.527834361468389801e+00
6.759971377760033207e+00
7.770087403436147788e+00
8.517017873611568035e+00
8.021783393408318474e+00
7.387805939263971666e+00
7.533353048484754844e+00
7.596599306548188046e+00
9.528247496968607066e+00
7.675281770482955679e+00
7.817358333665327841e+00
9.255285183463737297e+00
7.335037492751057542e+00
7.703818695804397265e+00
7.446361263561855459e+00
7.000346825983435828e+00
8.584828461037513847e+00
7.291804141267022032e+00
7.890779422999494308e+00
7.512747328092248544e+00
8.023363134156415555e+00
6.778620756639208267e+00
7.725739151431517904e+00
7.040440166510084197e+00
7.956081158478934157e+00
7.896167107146950137e+00
7.733498543944037351e+00
7.989272850614068666e+00
8.759270862451964845e+00
8.116829744440098082e+00
7.756221519160361844e+00
8.109053097869557192e+00
8.269587503895238001e+00
8.710120607819650473e+00
7.510144184480228802e+00
6.949151527066257827e+00
8.215546492713370341e+00
8.655736792198810647e+00
8.905470880484315899e+00
8.745270166571970094e+00
9.393822427058026392e+00
7.839781485942430628e+00
6.662844124864884421e+00
8.805422012443987256e+00
9.009938058005134920e+00
7.197567236794653489e+00
7.364238851262109975e+00
8.572682932910812070e+00
8.503890081830967063e+00
7.905901054891680602e+00
7.321537666504469577e+00
8.412453236004653334e+00
7.741338122045677395e+00
6.993917104757660042e+00
7.170064790323144699e+00
8.764313337667202219e+00
8.502788616325890558e+00
8.963035773032169473e+00
8.797883890711327481e+00
8.371313745049594246e+00
8.800480104304172713e+00
7.393026363541791213e+00
8.774364741893265318e+00
6.960912752955509930e+00
7.822944805188572381e+00
7.818886877758010279e+00
7.336462986413780918e+00
8.793343166279338874e+00
8.550982386602006713e+00
7.836775714452385522e+00
6.732196506001496772e+00
7.891290661531589201e+00
8.213816731385387371e+00
8.775319964927009053e+00
8.231800932833928997e+00
7.096097408682645380e+00
7.887583374061646779e+00
8.917935593491364443e+00
9.202227818872000142e+00
9.047410542493825147e+00
8.893440208047085349e+00
7.147001028872294270e+00
8.588384873675869002e+00
8.533442143475589603e+00
9.263943259611247427e+00
7.837196785871297422e+00
8.875503104990672298e+00
8.401832805623959288e+00
8.737044849156976767e+00
8.332045634098992792e+00
8.471874441844281733e+00
7.719053936756153256e+00
6.943163463171561745e+00
7.399156425166053985e+00
7.690599383683624168e+00
8.892040669416710230e+00
6.854328814764666156e+00
8.351545395018911577e+00
7.720996647993825235e+00
7.367106487463209064e+00
7.246694506696393034e+00
8.216753961778616500e+00
8.666676997392166015e+00
7.562409230679973504e+00
7.235445944866812695e+00
7.301506822117202589e+00
7.452114671472136465e+00
8.564946772145571430e+00
8.564824515543305594e+00
9.271516272040456030e+00
7.760529745396606671e+00
7.554366899367750854e+00
8.149019400919900846e+00
7.721062973946571262e+00
8.278020842840334126e+00
8.898424722494429062e+00
8.601947542312181838e+00
8.384482306144247943e+00
7.749123844011859497e+00
7.751171918562986818e+00
8.157399784831714129e+00
8.983780707775059327e+00
7.599410751891374716e+00
7.525836090801215406e+00
8.657128040382360723e+00
8.850253854423915101e+00
7.956111373133293085e+00
7.736866648366684807e+00
7.936841098230640767e+00
8.095722645663528283e+00
8.775086250943358479e+00
7.503757833922005460e+00
8.669798499444112849e+00
8.800145123107334655e+00
7.384286088540044091e+00
8.563069456889911280e+00
7.903935311223778015e+00
6.908353781999058363e+00
8.229963041861374506e+00
7.860134828772829430e+00
8.298321838656322669e+00
7.060211590842328633e+00
7.922439534027989616e+00
8.807730502719978816e+00
6.559035748650356545e+00
8.250689999061576074e+00
8.225040076002354539e+00
8.974960170691609562e+00
8.122079987808325185e+00
7.565591269698343169e+00
7.702110778338253638e+00
7.121598653283448321e+00
8.139196039694642337e+00
8.118069466065902517e+00
8.464420095014499879e+00
7.446456648527713718e+00
8.171478912393419947e+00
7.544078981246202353e+00
8.305250484028132263e+00
8.406267896150520613e+00
8.532598421801329991e+00
8.389743345800892982e+00
8.539756056927068073e+00
8.368811793332232796e+00
7.417673828133546365e+00
7.769596806475050244e+00
8.331544911668119724e+00
8.808011156269186515e+00
7.482288273311468174e+00
7.898698144066145233e+00
8.575107881127955523e+00
7.507881665624665857e+00
8.384780974454004721e+00
8.213619378115891934e+00
7.469386032731871516e+00
8.867781317200613245e+00
8.529231880234794616e+00
7.705986946947024130e+00
8.532179516845006972e+00
6.816008988135432212e+00
8.100243756245697924e+00
9.080651957687109643e+00
7.021277306038570032e+00
8.614152779155203277e+00
7.795282457368744033e+00
7.848884165483817732e+00
7.873225718442895094e+00
7.684638243217745135e+00
7.947913431548915497e+00
8.073459394518428311e+00
6.352851914598314664e+00
9.268764821951135602e+00
9.099629975391387404e+00
7.147170619429640936e+00
6.647369911644596563e+00
6.816403262561061105e+00
7.704625242603840185e+00
8.438769942179419559e+00
7.612443882026502351e+00
7.822116605931372035e+00
7.045966390729260453e+00
8.218825334963627327e+00
9.174090262561055198e+00
8.360991236513459768e+00
6.345088951105897657e+00
8.130735924334858922e+00
8.989376900266833559e+00
8.009087351889371931e+00
9.066797110270432114e+00
9.035836340478311968e+00
8.204465340093591408e+00
8.764614589358926011e+00
8.748876494891614897e+00
8.289979971436297390e+00
9.479250452236168911e+00
8.578908591547826035e+00
9.126334475746901376e+00
8.269384700524318177e+00
1.013882423670122179e+01
7.453468553685996589e+00
8.726648341057209990e+00
6.777941027384382977e+00
8.095089338693322034e+00
8.481120738392842640e+00
8.554707528954086371e+00
8.294827990610212254e+00
8.414250210749672831e+00
6.242266185819271840e+00
7.812612523935829500e+00
8.806768423943744040e+00
7.206786984470365809e+00
7.847785644300274477e+00
7.528311094202184250e+00
7.458969666039703128e+00
8.231811545314508649e+00
8.077217780122687429e+00
9.303599290402845057e+00
7.997165575328755160e+00
7.920531580274641215e+00
6.688351686464742762e+00
8.581637045482557014e+00
8.663469812961766436e+00
8.821416949523792184e+00
8.387246538477615587e+00
7.589775799359610886e+00
7.994096118719710375e+00
6.948635330093817508e+00
8.660857378250835126e+00
7.916252358647965615e+00
8.537859043192263186e+00
6.349462245233345570e+00
8.360454065472421092e+00
7.794178037793376923e+00
8.305236385318679027e+00
7.451272311229496736e+00
8.819844493844062328e+00
7.941849323433459062e+00
8.347994198463442928e+00
8.073814940339056889e+00
8.044740748780505157e+00
9.092108328612917845e+00
6.839522872595231284e+00
8.680700205328051311e+00
8.578860596247958270e+00
8.332082035676487308e+00
7.935707481080800818e+00
7.957677047386137126e+00
8.502702671113242516e+00
7.966624519438965990e+00
8.340511073234802453e+00
6.552866625947286749e+00
7.271106551434368903e+00
7.978592690218690109e+00
7.278043281172897672e+00
8.868211744316534251e+00
7.426911738218795023e+00
8.688310893295600579e+00
6.853771130523307775e+00
8.520701532085293906e+00
7.055012147798440658e+00
8.185708873095341787e+00
8.610278744243776927e+00
8.261774808186567398e+00
8.302264301164347771e+00
8.721995746532241967e+00
8.889549732611152777e+00
7.432710120155918254e+00
5.899220341011022661e+00
6.490170320238263457e+00
8.195547401784720520e+00
7.590231899764044776e+00
7.504403182880873935e+00
7.914749893327783781e+00
8.183363417718275912e+00
7.500524147460962077e+00
7.952749664458645285e+00
7.425244408324976675e+00
7.368465211109676005e+00
8.237941128164294469e+00
8.662648501980841687e+00
8.680020968540757664e+00
8.326049884832901427e+00
8.291234622942699417e+00
6.759388570461413615e+00
7.253706497487602434e+00
8.521232842473084546e+00
9.432758005844949167e+00
8.781649369601273847e+00
8.140331753943142346e+00
7.886768700549836808e+00
9.320884458173029685e+00
7.994471523901940380e+00
7.953870700931046755e+00
8.103645146007433908e+00
8.848845938240055276e+00
8.105150552457143220e+00
7.622841649066383951e+00
7.310136421812909902e+00
8.520807454958198690e+00
8.205402955074594828e+00
7.634024819037525944e+00
8.873009555808618387e+00
9.423017840550606650e+00
8.024475095977066985e+00
7.359209046611260518e+00
7.432891253684683619e+00
8.259741296763241536e+00
7.447294508298361038e+00
8.195483950106641657e+00
7.900539287037927849e+00
8.465879965195078682e+00
7.176132505206130219e+00
9.032626982642009139e+00
7.915925206481499998e+00
9.525454767909751652e+00
9.359362137313100405e+00
8.378026010877952956e+00
7.054678904342660317e+00
8.422533298066905871e+00
6.450900611390303574e+00
8.556670572145248954e+00
6.962151982026096420e+00
9.350475830663816268e+00
8.172429956783028970e+00
7.254376481107164487e+00
8.114959349400468369e+00
8.729621392618913234e+00
7.957616761429335384e+00
6.868062047315190100e+00
9.576419056819617026e+00
8.417260598912719161e+00
8.529078466609773201e+00
7.978140730468971320e+00
6.551782898463453186e+00
6.527773988548675632e+00
7.196867066739256913e+00
7.705958767765307194e+00
8.148073119277240650e+00
6.029044200557304833e+00
6.749215651709091546e+00
8.785636164693567451e+00
8.487970033161202466e+00
9.337757111961920486e+00
7.496322397435483786e+00
8.247774989093612064e+00
8.085054499187915411e+00
9.383240700460182993e+00
7.791711098600013763e+00
8.678612433269588422e+00
7.790388946539786197e+00
7.958028734703442630e+00
7.193306650396687374e+00
7.871965683028363969e+00
9.169503029195425370e+00
9.093906770740350254e+00
8.155734952296137763e+00
8.061747612185184764e+00
8.660296524514526695e+00
7.238495954962601786e+00
7.292973967341068509e+00
8.409083065962237313e+00
8.913311315328870776e+00
7.534834211357336109e+00
7.798396163531023717e+00
8.475537787887322594e+00
7.417292499285892404e+00
8.083465598447890699e+00
7.887556217529708036e+00
9.271158853426568314e+00
8.537506302698078642e+00
7.724336198026299449e+00
6.921717653231580947e+00
8.763808607444717680e+00
8.213489291789160873e+00
7.715036858690182520e+00
8.411274827667449827e+00
9.002376151091509016e+00
8.406704757003840456e+00
8.564729605562643400e+00
8.002284322756732848e+00
7.028506628647931187e+00
7.596013095951978933e+00
8.079756730988167490e+00
7.565174775199302815e+00
8.182835430242091590e+00
8.194859771513932856e+00
8.087672421395200928e+00
8.565071811487333875e+00
8.121250871199434229e+00
7.393338987545172714e+00
7.589345826947986318e+00
8.749580248740077337e+00
9.092048281994195236e+00
9.087779664536620672e+00
7.899400021797389648e+00
8.150734574395723797e+00
8.546620759066481554e+00
7.845259832578156178e+00
8.211914993126871565e+00
8.322416104745812504e+00
8.281403924705758257e+00
9.080356617634491201e+00
8.304270885064807928e+00
7.490134138136782305e+00
7.887026509949987663e+00
8.835815393296822862e+00
7.066697073009515329e+00
7.448370956448616020e+00
8.423832815646221661e+00
7.306325954393330768e+00
8.148000775074915936e+00
6.812433212612499567e+00
7.904665147012937432e+00
7.780909704690365913e+00
7.471218376286150153e+00
8.213711901807535298e+00
8.500315422996209236e+00
7.132168925264315895e+00
8.399347072289147675e+00
8.398525281143740528e+00
7.304500467666420249e+00
8.452673201443753115e+00
6.964198303355727759e+00
7.949182284497164019e+00
7.875111558259850320e+00
7.049159669622309998e+00
6.591596300831985111e+00
8.422222930092560844e+00
7.578392856004409595e+00
9.216503924784198887e+00
6.732547198042698966e+00
8.072247838830524103e+00
7.592286085918227734e+00
8.294634701701697921e+00
6.823073565183570999e+00
8.567621066370671556e+00
9.170219585683735630e+00
8.443209108756160930e+00
6.978314069267135267e+00
8.246021303463832552e+00
8.414601147919668733e+00
7.021535933663454188e+00
8.654016468750461044e+00
7.827803125320834887e+00
7.910273574101927885e+00
8.806354497214655908e+00
7.529533812648373292e+00
7.835783516483526334e+00
8.959240644264163222e+00
6.908627976592278230e+00
6.528440267764660909e+00
8.341179843685258888e+00
6.896298388563066872e+00
7.394573965517656333e+00
7.888974256196023660e+00
7.720952647733322571e+00
8.535601035535988146e+00
7.489960642497056398e+00
8.159723144806278583e+00
7.832267457015873902e+00
7.509307342200169266e+00
7.656780631245995394e+00
8.792630827480472533e+00
9.116002158234298491e+00
7.721395392692512516e+00
8.821741957644698928e+00
8.449867542550245858e+00
7.828112337672005872e+00
9.287184643429531761e+00
7.340231557526938566e+00
8.823532102598148796e+00
7.550965341730597302e+00
7.832580702791025473e+00
9.439066115339302954e+00
7.315205306303584010e+00
8.461008258199543164e+00
7.935014640701989919e+00
7.144820147753407014e+00
8.441142552350225259e+00
7.023636336244725165e+00
8.471110079328351361e+00
7.035089634801150460e+00
6.292783272868678779e+00
8.574296816629177087e+00
7.625486231491862554e+00
8.539750282010189153e+00
8.193002141047172060e+00
9.358072810136709663e+00
8.129905716081095690e+00
8.107118887407343877e+00
7.905784426850969382e+00
8.254808454430500930e+00
8.250880302611310668e+00
7.930855699719264074e+00
7.625596767600045567e+00
8.638282296515679803e+00
7.586194612400640302e+00
8.357278431131497598e+00
8.536917877901874618e+00
8.342137059844768388e+00
9.505763435625333102e+00
7.689345273702732797e+00
8.378236648729089353e+00
7.282741485922940683e+00
7.622428305011119676e+00
8.866553096704757664e+00
8.228330975097474465e+00
8.139129174921416521e+00
7.516068288980795487e+00
8.552242633787905390e+00
8.158334385391304622e+00
8.282604016766695665e+00
7.412144943740122116e+00
8.452641689135067082e+00
8.546226979085483677e+00
7.972514425120385440e+00
7.708276120618824834e+00
