9.864686596658911455e+00
8.147539961891331117e+00
9.862699178297626545e+00
1.066280858241467300e+01
9.547319497674882527e+00
9.530828753935237430e+00
9.781548149347598198e+00
9.082076348158121704e+00
1.040472723139905220e+01
8.854065795452353171e+00
9.839723450249765691e+00
8.253351212486776944e+00
8.210651746470386314e+00
9.079274196807940456e+00
9.078960249393905002e+00
9.807343104037478554e+00
9.166938184833334446e+00
8.822176560628740560e+00
9.833553472723924216e+00
1.074703438412857892e+01
9.595210382764477686e+00
8.642900244909260010e+00
9.964309341655171792e+00
8.642927744284628844e+00
9.086246943678201404e+00
8.816173160680465415e+00
1.023775198061380642e+01
9.273616485624152972e+00
1.032766494657042777e+01
9.574019779238620131e+00
8.770261158441973848e+00
9.189062698222661751e+00
1.007538215813464788e+01
9.638798726259857119e+00
8.253745396919510924e+00
1.023656291119980466e+01
9.770832190792855698e+00
9.718995459340696641e+00
9.586618255772066277e+00
8.980602756001328402e+00
1.026899466177230558e+01
9.348050912712890792e+00
9.817897487260742295e+00
9.315761659869872702e+00
9.575390604974950648e+00
9.958694965508389174e+00
9.272040765969896015e+00
9.051017317609595381e+00
9.265967037916622573e+00
9.531733552761178174e+00
9.154776127363541960e+00
8.917996256035468861e+00
8.877238957718347478e+00
8.571272651787765540e+00
9.697898184792718368e+00
9.913564311706245746e+00
9.723688477640909156e+00
9.204438248933797695e+00
8.501270323741534796e+00
9.456969713987930959e+00
9.471949029693885080e+00
7.949343779664482135e+00
8.379368075882563716e+00
8.975339314719699146e+00
9.423892856947492902e+00
9.309562455560413952e+00
9.573152773946707939e+00
8.811099593415974596e+00
9.407435802110397205e+00
9.827908027420139803e+00
9.007769078163102350e+00
8.081253765217560669e+00
8.393159012125353868e+00
9.564964460205130692e+00
9.476115584549651416e+00
9.781869304604432713e+00
1.039712785179797372e+01
9.654735370176908305e+00
7.615487374175479829e+00
9.292623633088012980e+00
9.867323637774466860e+00
7.328190089422853326e+00
8.440904748720146955e+00
7.443258543331488397e+00
8.798203398091361649e+00
8.570243345303222071e+00
9.592172689531846430e+00
9.628917164201533652e+00
9.982308528151301985e+00
9.887995781080171298e+00
9.873583228196112671e+00
1.027326574417273441e+01
1.058961843483752574e+01
9.225349051392658595e+00
9.247380767943715441e+00
8.917954444602509412e+00
1.013122890050538949e+01
9.147043219797616587e+00
8.453166090850725567e+00
9.863121498885158545e+00
9.485584271960146197e+00
9.621526137669562218e+00
8.850089811444844301e+00
9.766586093868001583e+00
8.037478732762220801e+00
8.683624799654207749e+00
8.467473934779752298e+00
8.702418009308491520e+00
8.696807835995041813e+00
8.288521501584584783e+00
9.085736346513135331e+00
1.037757222186264805e+01
9.204888874557386913e+00
9.085034442614425387e+00
9.562617505419982677e+00
9.839576973249734237e+00
9.446077264559034958e+00
9.740575925017509462e+00
9.931600938583313720e+00
8.367997682116817160e+00
9.441801014005967829e+00
1.004842525680996168e+01
8.570212682507040824e+00
9.614875786580860506e+00
1.014967428386592374e+01
8.502245171066737939e+00
8.267751458261990649e+00
9.683660504205610309e+00
9.217607699558286072e+00
9.165613980908212000e+00
8.082561242475330587e+00
1.041368919591540276e+01
9.029923525799077311e+00
8.772189738180530938e+00
1.012962495706723054e+01
8.816315475330851470e+00
9.766430570186736659e+00
8.902233038048210645e+00
8.785883238538334084e+00
8.788009378366087532e+00
1.016216470554574869e+01
8.901164846052255442e+00
9.101897318565816519e+00
9.929804994613844471e+00
1.009670771751328111e+01
9.752732585733816961e+00
8.962116940889476524e+00
9.934035524742306222e+00
9.906733927367453063e+00
8.753481465570137843e+00
8.051274094581970076e+00
9.374982666596761050e+00
8.636568935346367937e+00
8.915500053540394987e+00
8.927485888121465152e+00
8.370712922132637956e+00
1.012884572097853919e+01
9.062524621787993340e+00
7.787491307373684890e+00
1.119866033218519519e+01
8.392024422231219916e+00
8.638455629680221293e+00
9.611056794433894268e+00
9.904969779826569010e+00
1.054331037714308650e+01
9.664442505351939161e+00
9.453006585498176406e+00
9.425564575647280563e+00
9.146005356519234297e+00
8.061485190386195043e+00
9.915329709740809960e+00
9.645122427564755796e+00
9.420499457907576257e+00
9.603877226873429152e+00
8.637512763714562780e+00
8.521500581761433324e+00
7.472668009586850069e+00
9.509542729378660297e+00
8.544563206099924813e+00
9.274799288185619162e+00
9.201548539232280888e+00
8.894008239447758868e+00
9.053805371980727656e+00
8.901684196912942326e+00
1.032647544378726145e+01
1.061834443185895260e+01
1.007691645427554938e+01
9.153685080548116915e+00
8.699763531139799611e+00
8.579768027796069063e+00
8.741584194966437238e+00
8.954084093638119413e+00
1.080032735665613508e+01
9.089842329427007428e+00
9.213251781341110558e+00
9.523151648832701710e+00
8.666038694367683703e+00
9.078001653582958852e+00
8.083203780137676375e+00
9.287587137300103990e+00
9.266706122210678132e+00
8.339839793275283242e+00
8.265450349291830534e+00
8.360361463398559678e+00
8.131760772192309972e+00
9.165563307496732648e+00
7.253978966243764148e+00
9.809345690423619146e+00
9.777939160317263401e+00
8.587074672181548962e+00
9.285788545110516878e+00
9.560981456600149642e+00
9.856171240109530274e+00
8.801250233681468416e+00
8.879795727316752263e+00
8.703287257868883131e+00
9.157481251592477278e+00
9.680100163218398279e+00
8.993963956124595427e+00
8.701157436555755353e+00
9.834940891200922408e+00
1.004006572624248328e+01
9.939263490802748180e+00
9.174827933763406662e+00
9.972676952235900671e+00
8.657333051278222058e+00
8.895279102460124321e+00
8.059676560346632712e+00
8.443418643133174584e+00
8.830314570112891559e+00
9.282441820381020392e+00
8.996809443126151606e+00
9.531437397854832128e+00
9.511632365825082758e+00
7.825129041442851374e+00
8.067210976192615846e+00
7.753408785709497764e+00
8.580769913083612366e+00
9.086644358042187619e+00
9.311522711456122536e+00
1.130709970917492058e+01
9.182659767401045059e+00
9.977663473328588495e+00
7.673037430893549171e+00
8.283666112336970144e+00
9.286063376276004533e+00
8.232821401755144208e+00
8.720449602324109151e+00
9.570504883309006061e+00
9.065604274950429087e+00
7.444498041939630717e+00
9.462581931581349082e+00
9.730326670934495326e+00
9.822730987823733884e+00
9.557119992100908235e+00
9.641191270443700390e+00
9.801507733312940118e+00
8.546928556959016987e+00
9.560568029079988150e+00
9.370413743149518027e+00
8.982003115125774428e+00
9.225824933889311907e+00
9.257774979188431175e+00
8.427614356506200721e+00
7.172815389596718383e+00
9.475089148190807720e+00
9.533965657582827546e+00
9.413202825588674827e+00
8.861696081208915388e+00
8.278179115845048841e+00
9.582240424991981698e+00
9.041623618395478346e+00
9.157637507300242063e+00
8.591567604426703753e+00
9.012109626893725078e+00
9.043329556930306268e+00
9.084194819651575159e+00
7.951837767743151986e+00
8.877848766167383943e+00
1.014688465959821606e+01
1.015697766772441568e+01
9.755127604856864920e+00
9.441606361652469914e+00
9.097462297601325076e+00
1.035790346162862541e+01
9.522532728724776518e+00
8.746558343923446444e+00
8.372655874093705819e+00
7.938790522709101793e+00
8.896376931867608917e+00
1.076269289855948585e+01
8.956408406498621133e+00
9.535422619839243552e+00
9.005378290633485605e+00
9.457966519587021281e+00
9.199665579231888657e+00
8.700504610925953841e+00
9.183249810590153217e+00
8.289253652301562525e+00
8.595578568740114278e+00
8.664673514710331759e+00
8.605483899494153377e+00
9.567863640535618330e+00
9.338939346559049781e+00
9.126521566256482032e+00
8.837558424912600685e+00
8.469775755967223319e+00
1.022553008622061732e+01
9.178781894197074465e+00
8.758322305326712964e+00
9.448995781840400454e+00
8.412281298510960070e+00
9.121984014808230512e+00
9.058126730862248621e+00
9.565610237389750026e+00
9.109982314522552471e+00
1.018908110993320548e+01
8.632144238803137526e+00
8.748006855337022714e+00
8.013409731174423456e+00
8.584907496156590767e+00
9.965239171376165217e+00
9.485198516580819472e+00
1.031585046013616491e+01
8.857374349415607639e+00
8.233957746943490363e+00
9.019653544225649355e+00
9.666349660078424222e+00
8.665203643978191650e+00
1.017087793579739952e+01
9.092015971052109791e+00
9.665843348690286163e+00
9.192297646148437806e+00
9.664095913616762346e+00
9.364865166518294259e+00
8.602266299822250772e+00
8.144947791309471441e+00
9.133948450770391858e+00
9.373210366408969207e+00
9.402457004908676197e+00
9.495534629634962087e+00
8.532346296908983163e+00
9.293301032664398775e+00
8.801894307472966972e+00
8.162931017570500103e+00
9.272628457704517047e+00
1.031197633769790656e+01
7.914590643067583642e+00
8.358005485901603748e+00
9.491752273568314635e+00
8.786202346606724944e+00
9.698021755557963530e+00
9.124049825388778956e+00
9.072862608288259523e+00
9.523827516934456838e+00
9.032334036341179484e+00
9.908656365410440259e+00
8.630420614896115339e+00
9.728102608969486198e+00
1.004861688655181240e+01
1.006848381496604894e+01
8.985849576385017912e+00
1.025234338573638482e+01
8.340458660670662994e+00
9.331037379062363968e+00
9.838585277278971475e+00
8.857072023075545530e+00
9.480365317386594270e+00
9.579927576061948002e+00
8.977293812911840476e+00
9.777252119442891853e+00
9.684955230852638763e+00
9.373731361849754862e+00
8.712106004096133560e+00
1.020131699490849009e+01
8.571402059472363888e+00
8.229707502406752084e+00
8.756156322999986585e+00
9.486907217332637643e+00
9.143350223244331332e+00
1.000741347110147750e+01
9.428529951277862864e+00
8.890477914819657101e+00
9.354763868136645399e+00
9.514297919671712123e+00
9.473885108320523329e+00
9.993367324984040678e+00
8.931371705846082421e+00
8.146211066982129267e+00
1.008986409977073606e+01
8.948344021712591356e+00
9.098412905767542469e+00
9.403801192459155800e+00
8.765368070285234126e+00
9.103223435585256595e+00
9.998400772292507455e+00
7.512072946173236510e+00
1.014791432826093143e+01
9.896042858224523897e+00
8.755617420174287346e+00
9.335176189695358673e+00
9.807955124872631103e+00
9.235592427369114787e+00
9.577569288126124292e+00
9.245218103584798897e+00
9.620151595955704238e+00
9.711932553273095792e+00
8.814953609326696693e+00
9.391705329022292048e+00
8.121544586923851838e+00
9.152688012637208104e+00
8.944989611919302419e+00
9.470757733886605578e+00
9.389645987021504325e+00
1.020149925437092264e+01
9.583294918344153146e+00
8.864118862029558343e+00
9.639257766630509039e+00
9.304009990153414122e+00
1.021004101022162303e+01
9.630460680737103374e+00
1.005295961225374235e+01
1.004063612616860546e+01
1.027276500741129261e+01
9.013860813945814954e+00
9.670423230070216647e+00
8.195937502610302516e+00
8.335585787048449546e+00
8.176147765014727398e+00
9.024687627633856124e+00
8.145277875368726939e+00
9.880718843347516156e+00
8.985398076768287723e+00
8.818673095834164144e+00
9.839879226317949090e+00
9.176753486059562093e+00
9.053160898745431950e+00
8.188601222296679083e+00
9.262608651858908360e+00
8.888268330575018084e+00
9.588535837131100692e+00
9.927947023512176727e+00
9.063260482903906734e+00
8.592215580119884066e+00
8.499434416494437983e+00
9.014330161523057328e+00
9.476655960231813225e+00
8.577167048466534993e+00
9.781753092381514136e+00
1.027368149068383474e+01
8.415767057715914490e+00
9.786164266567340064e+00
7.896265582807993511e+00
1.020425674791960624e+01
9.423640591331071903e+00
1.117081492998761405e+01
1.001986768304404407e+01
9.951767167823033944e+00
9.864608566041200177e+00
8.788359773302563127e+00
7.961505160694180461e+00
8.996937526043469191e+00
8.734750556477832717e+00
8.571059725583111799e+00
7.451420410209324885e+00
9.713263534425335521e+00
9.775663601512530221e+00
9.280297377089965494e+00
9.450243948668813232e+00
9.164073914783577024e+00
8.827626602586564175e+00
1.009521516616196557e+01
1.022127760043065337e+01
9.044779992581625905e+00
9.283868183510699978e+00
8.226060598745904784e+00
8.194454923235490185e+00
8.347162375777569920e+00
9.137435654583823563e+00
7.865045276917070005e+00
9.540045213393186785e+00
9.581805730869577431e+00
8.344515718622483647e+00
1.077394451841448841e+01
9.116788967575525149e+00
1.111427219023263469e+01
9.139088025420004868e+00
1.009053596090626037e+01
9.440911950735710434e+00
9.233205409695553811e+00
9.787133447964141197e+00
8.997571335582973617e+00
1.002060783724752113e+01
9.176152956105465108e+00
9.391422392960961929e+00
9.851704943013778859e+00
8.066211739866504971e+00
8.869204735769111281e+00
8.704685657418707478e+00
9.272158499176249791e+00
9.985751985932296293e+00
1.001147960581833907e+01
9.499806518806112265e+00
1.006760814996193432e+01
8.291239454485410221e+00
1.051034139621346419e+01
9.830066103571965641e+00
7.821805305928363872e+00
9.167052241783530064e+00
8.546080028411587648e+00
9.664708133277173374e+00
8.820762277113621153e+00
8.780355063518964442e+00
1.082132089274629649e+01
9.255647427428648655e+00
9.197620490248507252e+00
9.697310414251331778e+00
9.398783588847368975e+00
9.121190367165237234e+00
8.969568053701980404e+00
8.907412621600077074e+00
9.567361335862109684e+00
7.618266641335846856e+00
7.126338485325259597e+00
9.079094640819199924e+00
7.800070749629460565e+00
8.982578419208270049e+00
8.825615190359075157e+00
7.991836824840787834e+00
9.520765937841737525e+00
8.816737937415060955e+00
9.271504559488075614e+00
9.146232883644060507e+00
9.063933862665624730e+00
8.663562154570024987e+00
8.848094205330671258e+00
1.019282744081339587e+01
8.804059114351277415e+00
8.317738135345043915e+00
9.401077843076397045e+00
8.691051055107646306e+00
9.140836065828086276e+00
9.744391701224380142e+00
8.193762153164247053e+00
8.602856020013572191e+00
8.467608463908767646e+00
8.950121339834872458e+00
1.025224603276654634e+01
1.000588283124038647e+01
1.026358151655739093e+01
9.181430391000750646e+00
9.526197343539523743e+00
8.499631899732417395e+00
9.547742073614069014e+00
8.468697945829395834e+00
1.037395560462953803e+01
9.458316027586425534e+00
9.533144945878378351e+00
9.228167902960102253e+00
8.754135805937190540e+00
9.756151123619238419e+00
8.851639027513247271e+00
9.285218697008090771e+00
8.908127209391849988e+00
9.151420091529757883e+00
1.066858793974229513e+01
9.716026071022751509e+00
8.981058440290192735e+00
7.800513158454382534e+00
1.003165884879039282e+01
9.052635746686638285e+00
9.130413366304795275e+00
8.861046394691411976e+00
9.830145467387277236e+00
8.033323513903241064e+00
8.548990690809130655e+00
9.146715863916231370e+00
1.094613828204366435e+01
9.382249466130430093e+00
1.025118118449397464e+01
8.999802652674370407e+00
7.883429489905350529e+00
9.738916615972911472e+00
8.259620051292165144e+00
1.004463538903880249e+01
9.218258459686955675e+00
9.102701008237158220e+00
9.168569294008380055e+00
8.643424210694892196e+00
8.848621342117919397e+00
8.830772503646745264e+00
7.698414162262247729e+00
1.027148144839232913e+01
9.375240286352735097e+00
7.969217030302760740e+00
8.156216361168395323e+00
9.865411355238126845e+00
8.569741250408402067e+00
9.727168781495992178e+00
9.341693862995049003e+00
9.210450733537175694e+00
9.715450530099793980e+00
9.377039543004336508e+00
8.871141664796356352e+00
9.480302470203385568e+00
8.571471689656444681e+00
9.353693860616536071e+00
8.531774024416316493e+00
8.716646457678418614e+00
9.559200077720438671e+00
9.788487242880330896e+00
9.358737893972257638e+00
8.524302040136840120e+00
8.632961561426288455e+00
9.372144591192482110e+00
9.016416872871921839e+00
1.036579683745829428e+01
8.406367873570147253e+00
9.312813900133090073e+00
8.733238856398919836e+00
8.383649508421861185e+00
9.199836255123312156e+00
1.014309458323545421e+01
7.893580640311443020e+00
9.826905459333097781e+00
9.489293635119546266e+00
9.543287037152582641e+00
8.094964209885734618e+00
8.895232621735660317e+00
7.689651490906729947e+00
9.644493193614865234e+00
8.425791274427586686e+00
9.660885733692973432e+00
8.024523687354527368e+00
9.151048761186105551e+00
9.237109315409524513e+00
8.536378633006536987e+00
9.185114780947946755e+00
7.907673504817170240e+00
8.700246169898159465e+00
9.870571258481410482e+00
1.043917170122272253e+01
1.035432667061134282e+01
7.955042160376546434e+00
9.183514425232260692e+00
8.409546888898056238e+00
8.921175392811905525e+00
9.064821998982830920e+00
9.692218279424936966e+00
8.995951095689500576e+00
1.022400837576169508e+01
1.002601980976989893e+01
9.296898918669313616e+00
1.025832064424054124e+01
8.417694259300290582e+00
8.764701451828786460e+00
8.633422532785388626e+00
8.407917384965827523e+00
9.390768192872055664e+00
8.290930960802159078e+00
9.511118146484943026e+00
8.686568498887078604e+00
9.283637722661993052e+00
8.686975522596435795e+00
9.063065680713776828e+00
9.232879591308035927e+00
9.260427159002166064e+00
8.281536948122010244e+00
9.860818769192853495e+00
8.281887283942868550e+00
1.062074102764961836e+01
9.053064476265179295e+00
9.334331643192625094e+00
9.706084440159841620e+00
9.361480362893082940e+00
9.235087129099559533e+00
9.070487905515152605e+00
7.266372150043017619e+00
8.760397887357191493e+00
8.595143283309132798e+00
9.462624436249511106e+00
8.609316403932263384e+00
9.434317673295344875e+00
9.910176827810840194e+00
1.069409865068271870e+01
9.353538842322715041e+00
9.599762286517423249e+00
8.648169343719537494e+00
1.045977313980373680e+01
9.585113654683423690e+00
1.026005764956496336e+01
1.061280946857706375e+01
9.678300139750950493e+00
9.168307119103875635e+00
8.459329018417161450e+00
8.507849716571532994e+00
8.509222375659316384e+00
8.669266811117093852e+00
7.423417274192223303e+00
9.345998169240139930e+00
9.902035607425894170e+00
9.762441513810466986e+00
9.303848892400239379e+00
9.730719034037015547e+00
8.403515418260145253e+00
9.134901546784981008e+00
8.605343999918231290e+00
9.668481212049593765e+00
8.557575274159292533e+00
1.001010517459958216e+01
8.709645771713450557e+00
9.465236240555126912e+00
9.306328550069775218e+00
8.898920775541926176e+00
9.592709127343812980e+00
9.650230546762594841e+00
1.024825184397651157e+01
8.612136325711530205e+00
9.418808048124830634e+00
1.056838346051791255e+01
9.048862191554421841e+00
9.052755135343934612e+00
8.485115343891575179e+00
9.299572663755283131e+00
8.964045450701785711e+00
9.121979538937672771e+00
9.944177935981141303e+00
8.665140317934895364e+00
9.999426152191373873e+00
9.199912490087733374e+00
9.005588691752288710e+00
8.794970729482241012e+00
9.129796924988209383e+00
9.519073395304127772e+00
9.521370770806171890e+00
9.914508882491116282e+00
9.134841836532620718e+00
8.631540451581400930e+00
9.406872678051721337e+00
8.177417375821459444e+00
1.118676695734627025e+01
1.027118429471942740e+01
9.632241290498445352e+00
9.545028543066402804e+00
9.375855227790260926e+00
9.576393385034663197e+00
8.412335737948010816e+00
9.683904593833757346e+00
9.232094868403635246e+00
7.870332298766505197e+00
8.886541002685788726e+00
1.024561573712384721e+01
8.803631452235958221e+00
8.675814795887603736e+00
8.798995710435990603e+00
9.348793123187379095e+00
8.658520197911268923e+00
9.390899014582300808e+00
1.004735164289690807e+01
9.355014051911899386e+00
8.659447551115203368e+00
8.883302792360128208e+00
8.822411322486876983e+00
8.921674476115860841e+00
9.345753138444905517e+00
9.026593235033375962e+00
9.580731660244888204e+00
9.176633675118285538e+00
8.396485148701788859e+00
9.164446422255927871e+00
8.887750131916801521e+00
8.782194235987756059e+00
9.055042317937148866e+00
8.102782190547017649e+00
8.420664899335701392e+00
1.041064271769094418e+01
8.296565430554457166e+00
9.684927580622774812e+00
9.614513744466909984e+00
1.039056238312938873e+01
8.471854178095497900e+00
9.264852673647874681e+00
8.112560211475274841e+00
8.965783751849981442e+00
9.355227180890718586e+00
9.060295923928380901e+00
7.826688776769323397e+00
8.964210316127349643e+00
1.062751965225584172e+01
1.081524310949524548e+01
9.714376214938198473e+00
1.000071707960699108e+01
8.915886361359603995e+00
9.986804911200959367e+00
9.189955228590910963e+00
8.846375410052901955e+00
7.333972848820783597e+00
9.165102923767060261e+00
8.754983272684164319e+00
8.287770168450096619e+00
9.280099429841195402e+00
9.164432688552215822e+00
1.071103551138443066e+01
9.988554913033452110e+00
9.043417341466099657e+00
9.238269047197753991e+00
8.944448581995340319e+00
9.122810018020063083e+00
9.908066859672597815e+00
9.532151046763845059e+00
8.993810552362862865e+00
8.619778414939421651e+00
9.354627177969419449e+00
8.954053819334440334e+00
9.357181826885788922e+00
9.648199301513091797e+00
8.881958211815188520e+00
9.575501612798328566e+00
1.010294156588061121e+01
1.003538527735600461e+01
9.893078308125442533e+00
1.063335584831493996e+01
8.961775554906362018e+00
8.836125380817327013e+00
8.267158232714837851e+00
9.972827095121523655e+00
8.783173220424345118e+00
9.653416108480433522e+00
9.650927865379985704e+00
8.519857579111761225e+00
9.413648986610372305e+00
9.483812047546210877e+00
9.821747429587784239e+00
8.908909251562258547e+00
8.715773969954613065e+00
9.604184698556270661e+00
1.072813516142202594e+01
9.091791447564938622e+00
8.788782517632727220e+00
1.039534220344168602e+01
9.492120595075450140e+00
8.434281976926518709e+00
8.826861830770582173e+00
8.779420164498283441e+00
9.672979101209930874e+00
1.069375196922898930e+01
7.934205933618322604e+00
8.896088633280378133e+00
8.857490764942115291e+00
8.234591773130008008e+00
9.804866838435485121e+00
9.831551182843158543e+00
9.657907538349270737e+00
7.417431120919436793e+00
9.347512940559081329e+00
8.650837752517473334e+00
9.740143508546520223e+00
8.660376201954850472e+00
8.659063593487276833e+00
9.549838705104471970e+00
9.626997807918209915e+00
9.566444017341400041e+00
8.745158214739872093e+00
8.468768407621725558e+00
9.672098624817488499e+00
8.180916670202442731e+00
9.747918488996234032e+00
8.040582641034921707e+00
1.036848185056918581e+01
8.684754757563393213e+00
9.049271533677302415e+00
9.118630516906211625e+00
8.984363693190278610e+00
6.640556820942435934e+00
9.027838830022581362e+00
8.334026012187543131e+00
8.044528170224570118e+00
8.218211902165759142e+00
9.201259886900880147e+00
9.537991775013386686e+00
8.902572702786512693e+00
8.727301331415761254e+00
9.299614185505502562e+00
9.468709033875246206e+00
1.076071406537312924e+01
9.055354374327519551e+00
9.437704017419674685e+00
8.159169345500401960e+00
9.447513133030980725e+00
9.486828141861776587e+00
1.013936418828021147e+01
1.054379984613068721e+01
9.060377766566618973e+00
8.513880780034641660e+00
9.860335015437371453e+00
9.892262490751777548e+00
1.074908028209785371e+01
9.143313262839473765e+00
8.552320588350916353e+00
9.778087544900740724e+00
9.776535902014698465e+00
9.353224978417411961e+00
1.000801371796762673e+01
8.230900524478895974e+00
9.199959813077370541e+00
7.598379670007818554e+00
9.919378722580290741e+00
8.676625463307535924e+00
8.934050354622693035e+00
7.691658846810143224e+00
1.008419108049250390e+01
1.035627631589315456e+01
1.007507967485917888e+01
9.648370562856678490e+00
7.315220266623555290e+00
1.050877395455677465e+01
8.822046054530449766e+00
9.287681945686459883e+00
9.880642415111429600e+00
9.110104604124314776e+00
9.151192169400344412e+00
1.038086800229921813e+01
1.005524492326390629e+01
8.827229012436221822e+00
9.136461235531411873e+00
8.501564753771035043e+00
8.796084286115211981e+00
8.935173665652362374e+00
9.810192046851300418e+00
7.706996082013740867e+00
8.528202447954150500e+00
9.499955572555697003e+00
9.580202254651950966e+00
1.003708611036593368e+01
8.786728199314419285e+00
9.099805326209033041e+00
9.768487885813561533e+00
9.093875165766284852e+00
9.191012840589174004e+00
9.161813973395856792e+00
9.285205726461621012e+00
9.249396388929969959e+00
9.571733763411698348e+00
9.162615892058633804e+00
9.440908792988508935e+00
9.636947187063290343e+00
8.576915375647857331e+00
9.758189868058309457e+00
1.126049455875671690e+01
8.741768084239295078e+00
9.696073071053447734e+00
8.464048344416724490e+00
9.804291382345605044e+00
1.060286901275678773e+01
1.001534241965260819e+01
9.816930201456129268e+00
9.611593429710898917e+00
8.136104915816590122e+00
8.538326178934216415e+00
8.582818738176468898e+00
8.872876880116127296e+00
9.461415911637191201e+00
9.327990793836665517e+00
9.672886049529987318e+00
8.867159674480106446e+00
8.714603622647512537e+00
9.352816485225623921e+00
9.744429423423095926e+00
7.871435897167288864e+00
9.057683031879353308e+00
8.313374912904162528e+00
9.706602199442349033e+00
9.002643144501014660e+00
9.828140121264775431e+00
9.252915056500546243e+00
9.277459992308770609e+00
9.683992832596986844e+00
9.994844013082925471e+00
9.319312581275523755e+00
9.243637477580284312e+00
9.618209693232886437e+00
8.628103141459421366e+00
9.420295075719122835e+00
9.545982774715479735e+00
9.239612163188732907e+00
9.507461643587266309e+00
9.444826515145940959e+00
9.326094042548433549e+00
7.836733523783598443e+00
9.518042262513759511e+00
8.621611248036206376e+00
8.856280342664755167e+00
9.857532261116240591e+00
9.206817696795134509e+00
9.248694555611459478e+00
9.412615994071767744e+00
1.063311902691792632e+01
8.724776073712824598e+00
9.339380598765934849e+00
9.349147538478494113e+00
7.891725195687163463e+00
9.286700711051626200e+00
9.825120971356545496e+00
9.964378737925629892e+00
8.408715981144515794e+00
1.002694524950686095e+01
9.157294534641154726e+00
8.477597710620822014e+00
9.288358446670823554e+00
8.676961507345723135e+00
9.979678013501757761e+00
9.225088305468471361e+00
7.321723241692286166e+00
9.380163521685400241e+00
8.944747383830545573e+00
9.755329829627198635e+00
9.590724953614540027e+00
8.827553113352315961e+00
9.566733124759359441e+00
9.241578357235107788e+00
9.101023104421967602e+00
9.833898555389890106e+00
8.249919282451219971e+00
8.750333035124832293e+00
8.576854878252753167e+00
1.034259446813006278e+01
9.820593767238564809e+00
9.712254087045613105e+00
1.030874895316893536e+01
9.492891032718409505e+00
8.791335673749998136e+00
8.621277116207718194e+00
9.272643244184587630e+00
1.052259379410933349e+01
9.107625898638048056e+00
8.697137711623801337e+00
8.029056636728208574e+00
8.941808757912347971e+00
1.088432198989065114e+01
1.065652625924660235e+01
8.358270715409855001e+00
8.567049203854709916e+00
9.425243262038732084e+00
1.003620067468679267e+01
9.950948522513352046e+00
9.935249032188917084e+00
9.587436047422270846e+00
9.877763353681837444e+00
9.580299130704055699e+00
8.129930001212473556e+00
9.975375476162584576e+00
8.773772634107732671e+00
9.104883516677718447e+00
9.405438152048764877e+00
9.362345277198743432e+00
8.648734333465602830e+00
8.653020215765792500e+00
8.162355625987579799e+00
9.117653222332529950e+00
9.820690676907604555e+00
9.208028237491792112e+00
8.483187349545401545e+00
9.915267396482878581e+00
9.622340142228356541e+00
9.385527722398871120e+00
9.186540883971424876e+00
8.058313035177711470e+00
9.044255470804266395e+00
8.799910368258746729e+00
8.998630076320580429e+00
1.044735038139044470e+01
1.057367109795856841e+01
9.134167334000791172e+00
1.077979080489763852e+01
9.883778894344244392e+00
9.112110665115714880e+00
1.053786630868908070e+01
9.945160610375360477e+00
7.995951389277597521e+00
9.380435891245602065e+00
8.481445090546715804e+00
9.218367578637158388e+00
9.269322256572126051e+00
9.712852859134930128e+00
8.813780163005951351e+00
9.925075334854799536e+00
8.702136383185004931e+00
9.246818532197641716e+00
8.546376683142700159e+00
8.847742685546052144e+00
9.487185797712420765e+00
1.063381752455253348e+01
8.075341175600616594e+00
9.988266309120202635e+00
9.277610300543305044e+00
9.223498503046794639e+00
8.328609530803271710e+00
8.347255851882041000e+00
9.886773718374813669e+00
9.745554827827648481e+00
9.332047215219422043e+00
9.092322093840913055e+00
9.425432277411061932e+00
8.932136352585713368e+00
8.700234536350269110e+00
1.010673096410042149e+01
9.887470028689371304e+00
1.183454978225501897e+01
1.007229181779279159e+01
8.757236707310864787e+00
8.218420580719245194e+00
9.312168995372458014e+00
7.885473975340043573e+00
9.813771842812720081e+00
9.667001836334316422e+00
9.475577745258570772e+00
1.000544121748089488e+01
1.017407858445086788e+01
8.238774370216194853e+00
8.781817182771114005e+00
8.116099763000754308e+00
7.441084520353245857e+00
9.845841818529223133e+00
9.008156647853473586e+00
7.424770499510973565e+00
9.581985899389827921e+00
9.294673847517806564e+00
9.584763501506133210e+00
8.987554745687404534e+00
9.308212844508201300e+00
8.843290493429199373e+00
9.235247609912455857e+00
9.084816512589606319e+00
8.471077850981858504e+00
8.906147787709036479e+00
9.058653078289138350e+00
9.471361984625731978e+00
8.893466615621949956e+00
1.024076214726111544e+01
9.410074316510440795e+00
9.017676342591471439e+00
8.356295310030365187e+00
9.296116154367904727e+00
9.249622956476537539e+00
9.295797029089383656e+00
9.362300773172242074e+00
8.438219922229666992e+00
1.066981096070002977e+01
8.324877827910473371e+00
9.807686416805784901e+00
8.856224613036635773e+00
9.787804263868032706e+00
9.103341450978616578e+00
9.623167546510838832e+00
9.118696720348950180e+00
9.519024558083748033e+00
1.094088083128123934e+01
9.263459258080906977e+00
1.026031681485560654e+01
8.968302041220759691e+00
9.298298486873212809e+00
9.766183468792654310e+00
8.854478567952952517e+00
8.195380782750282478e+00
9.447686605776668856e+00
9.118783006551476333e+00
8.912701676539336759e+00
9.448620259472944483e+00
1.049709379184450242e+01
8.334210308239564213e+00
8.341214907797251499e+00
9.640074628028701298e+00
9.072901598268423129e+00
9.419432668327100799e+00
9.813551383683444485e+00
9.161780782523882394e+00
9.446963452436879294e+00
1.016880659721018176e+01
9.168671751488442823e+00
7.983040498603177326e+00
9.674565761551825460e+00
7.165831373410105343e+00
9.107527577885276671e+00
7.798336375553296840e+00
8.296890900113314871e+00
7.426806596199232224e+00
8.733907896579264474e+00
8.639883543403040989e+00
1.009398264076570229e+01
8.797920361968110115e+00
8.553364267513442698e+00
1.024135313157154137e+01
8.988341534007744826e+00
9.701762280271074346e+00
9.891192713954414018e+00
9.726980924470774781e+00
9.500273001898932534e+00
9.429456694309399367e+00
1.019822712027453449e+01
9.286009858715939203e+00
9.608723625899077803e+00
9.648201909053142344e+00
9.623944104681001477e+00
8.358382166845462535e+00
9.222408810592629180e+00
9.123434660651586370e+00
8.644073608872846037e+00
9.399000392541616122e+00
1.028253037701978911e+01
9.437337398184013182e+00
9.627405201580605976e+00
8.234615735394738678e+00
8.578341783974599011e+00
8.967688903173993253e+00
9.149117585720020429e+00
9.811260663186113007e+00
8.702723072724355191e+00
9.322553987163352929e+00
1.002267269798235816e+01
9.190692653979828819e+00
9.607788257148772715e+00
9.419832627545762449e+00
9.256903594404271018e+00
8.983997161585680402e+00
8.815023225813618524e+00
9.342035305568245462e+00
9.540098317388697069e+00
9.254398450701792456e+00
1.008264225550592741e+01
1.000249385645116895e+01
8.289334067125306404e+00
9.283653753786877516e+00
8.792759045714570121e+00
8.313013823564663340e+00
9.523341565300070144e+00
9.442627832113466013e+00
1.097609322246261776e+01
8.802034185040310987e+00
9.493232185638545317e+00
8.149907877339947149e+00
8.585335196808649982e+00
9.155386156537042908e+00
9.081586987089028895e+00
8.875268567006916243e+00
9.113052256713867649e+00
1.039605652491097132e+01
7.890698519540455536e+00
8.947934530476445047e+00
8.750321268866521507e+00
9.384364383532263432e+00
9.182951246837166792e+00
1.020494007666891534e+01
9.966224801474936612e+00
8.892041677841254099e+00
8.959372355600786264e+00
1.061757982508165554e+01
9.332578071273941234e+00
8.805290865590185589e+00
9.053139039216121731e+00
8.859332755522512315e+00
1.018379574376496599e+01
9.132440374945639761e+00
1.058363153710070037e+01
1.012828253613446883e+01
8.881483671824138781e+00
8.962664482994814108e+00
8.728586640904673288e+00
9.249428210395407746e+00
9.389615052081522251e+00
8.782303405745379266e+00
8.877924432545549749e+00
8.369018230667595759e+00
8.795479272742914745e+00
8.285596690637827777e+00
9.616035405621564891e+00
9.602626168798881423e+00
8.946857496275615773e+00
8.767664729029030823e+00
8.796471448014619554e+00
9.295495174531199112e+00
8.149676199921456643e+00
9.030313542970271001e+00
9.421722410163100747e+00
9.999197910243870169e+00
9.479674512293078337e+00
9.934750935855300114e+00
9.478394897746655445e+00
8.385786905316683360e+00
9.522913823268842393e+00
9.443305708340439253e+00
8.865395438785466098e+00
9.390214148222412405e+00
1.051698637557491267e+01
9.890566341844543530e+00
1.035078714068096062e+01
1.066633031137098619e+01
7.579195096011586585e+00
9.405568172145551742e+00
1.011016332713129096e+01
1.074616059882161423e+01
9.791955911474154561e+00
8.810563824142713329e+00
9.425471581310857161e+00
1.001943992627673374e+01
9.019880873610068406e+00
8.857405629297030458e+00
9.281996511152161844e+00
9.182983616551178230e+00
9.909691939052301279e+00
9.591786294375893362e+00
9.508261077280248941e+00
9.459635765708737765e+00
1.033293242552273128e+01
8.648841201109167542e+00
9.475410626627484234e+00
8.266756485519756836e+00
9.052809614867951993e+00
9.403889783349320908e+00
9.020860950083472218e+00
9.450877982281896905e+00
9.331945615549960493e+00
9.265716935707470014e+00
1.028444409564363227e+01
9.500086327400701691e+00
9.630722702535248203e+00
8.620173331757426283e+00
9.472608916019598979e+00
8.679602187090379672e+00
9.462038314796755500e+00
8.215178484493668165e+00
9.133343136207050961e+00
1.011415958868078668e+01
9.436043580935832509e+00
8.305345817613416060e+00
9.561002877779959164e+00
9.033812463751667465e+00
9.176654518212542300e+00
8.849068685711541704e+00
8.509005421156997429e+00
1.001260575381970774e+01
8.217389583458004410e+00
9.796093687233256020e+00
6.973748390426312227e+00
9.929615709263922341e+00
9.782456139043858911e+00
8.433264292139943663e+00
1.092778077612481802e+01
9.307632279781493878e+00
8.522490081624361835e+00
9.601157884661262187e+00
9.142908963164609659e+00
9.175236197729347509e+00
9.644690842852075008e+00
1.024951600685950481e+01
9.349366131060703466e+00
9.470466174566931628e+00
8.472880503717650669e+00
8.536924474127051354e+00
8.988721782652303816e+00
9.436196558123514322e+00
9.463820437009371034e+00
8.478259996726889014e+00
8.546569494145103363e+00
8.368914519409818453e+00
9.057324702263423788e+00
7.746667287115018397e+00
9.846937025478498029e+00
8.768226194984427124e+00
9.294845964312230535e+00
9.079071046463809580e+00
9.805246950932531291e+00
9.249139978911513182e+00
9.660186022890636437e+00
1.005900978177855798e+01
8.992057743016719229e+00
8.740615317495725733e+00
8.289119112813990498e+00
9.129183558608797711e+00
8.611158803371999682e+00
9.167860924913812326e+00
8.831674648954866313e+00
9.269680470465624822e+00
9.604566350534783581e+00
8.736621541892860776e+00
8.512756808993817259e+00
1.097668740317568847e+01
9.545047774368919491e+00
9.501188667777167751e+00
9.117335225965538470e+00
8.695779666172299471e+00
8.812588563552738563e+00
8.699247723110131503e+00
9.942336916030663829e+00
9.811486375728788900e+00
8.526567881885526390e+00
8.165550963942562746e+00
9.017670751702031140e+00
8.756601858871869482e+00
8.692403295238044336e+00
9.786147561296383302e+00
8.971409012532488347e+00
8.729731254798462459e+00
9.796729340597289948e+00
8.618434461852793049e+00
1.015101917943085219e+01
9.187122296120517007e+00
9.747495545602266276e+00
8.461793217958584634e+00
9.700714704868264704e+00
8.467321873919829045e+00
8.677238776747856264e+00
9.146906029193464960e+00
8.555624174564208317e+00
9.627154719429958263e+00
9.920252816865117396e+00
1.080040264369530156e+01
8.368710049588635513e+00
9.180157619626651666e+00
9.265512130643326572e+00
1.030803106227852339e+01
9.464776466289469781e+00
9.256318428238857976e+00
9.904887544885898620e+00
8.835425837339496269e+00
8.554959550227080101e+00
9.123007408460281908e+00
1.089011945000969739e+01
9.446875692275932934e+00
8.739354270098669275e+00
9.052650971483943820e+00
8.667598342561271707e+00
1.008494146575009154e+01
8.812834463972317067e+00
8.394908292398048033e+00
9.979439698400714320e+00
9.188292348781883945e+00
8.531788879134959203e+00
9.125692123363391417e+00
8.665836171932468801e+00
8.426590690656562188e+00
1.114621762112103021e+01
9.352599964756864281e+00
8.789808203675404386e+00
9.513870716765914892e+00
8.387367782376559333e+00
9.244566714246055028e+00
8.639663060540694772e+00
9.916829770635704477e+00
8.272734907099897228e+00
7.927624931454484880e+00
9.926195789280271242e+00
8.660632131135903578e+00
9.145031721010564496e+00
9.208093749818404561e+00
1.004027800369163970e+01
9.054652929528902661e+00
9.552649236698950830e+00
1.023272161200420527e+01
7.748297215640238988e+00
9.166074562838296913e+00
1.000117237976655638e+01
9.925691449032015612e+00
8.920682492460739965e+00
9.542268062634461145e+00
9.644385102446504376e+00
1.018848977401749600e+01
8.991959191583418942e+00
8.440354336609711794e+00
9.042429060102131544e+00
8.203882769352926374e+00
8.608803533904120897e+00
9.553251675790846775e+00
9.481384738159526648e+00
9.680857958790545226e+00
8.862533674600932443e+00
9.975525824825652421e+00
9.315506025415679403e+00
9.524341004630406005e+00
8.880484494970648512e+00
8.695606699745999535e+00
8.511257251017591230e+00
7.838529076473605528e+00
8.764556999566456952e+00
7.970786984422378652e+00
9.345125481299515258e+00
8.668079110625045658e+00
9.026724953314856137e+00
9.912057801130108814e+00
7.837177569876338623e+00
9.449831651415173894e+00
9.662171736766206109e+00
8.090766454307130928e+00
8.823575214709292069e+00
9.862197925717262947e+00
9.531559361099292360e+00
8.607001374385509607e+00
7.306985801568135486e+00
1.086366920097223421e+01
9.069901108392818045e+00
8.538970865451998904e+00
