1.105332147274921617e+01
1.042545021064792010e+01
9.031702601514702167e+00
1.070030171332441249e+01
9.886791580076982555e+00
1.085760046586533711e+01
1.030739175704752597e+01
1.027330128718842772e+01
9.665832580727315104e+00
1.034870170549834967e+01
1.005441344731528019e+01
1.075257926434701972e+01
1.098869079111101499e+01
1.031147061246518071e+01
1.050626425629487848e+01
1.127782635891981222e+01
1.168895638219262700e+01
9.978464961710095338e+00
9.239777759642048949e+00
1.088905833560214198e+01
1.172971809748671745e+01
9.898279914385273770e+00
1.086311781068677185e+01
1.152844721535796957e+01
1.066496155966756199e+01
1.159453874305653720e+01
9.459799564667360272e+00
9.869900694240218542e+00
1.075949535266953916e+01
1.041539915214020340e+01
1.096439494811107096e+01
1.084020165988846962e+01
1.100777189367573072e+01
1.078235583379290574e+01
9.957677950500354314e+00
9.794272768209134838e+00
1.024225343718556580e+01
9.488417430237262806e+00
1.015726925628264965e+01
1.049559461447925024e+01
1.050299381828883405e+01
1.047819658577074087e+01
9.962711160428090906e+00
1.015113205291304155e+01
1.105009066635085446e+01
1.139985240326649674e+01
9.908438786532455467e+00
9.601737767360265963e+00
1.056158201611934544e+01
1.086631366656541431e+01
1.052324090562855652e+01
1.047302106392779208e+01
1.098428410924886656e+01
1.109992110271605981e+01
9.971827931740055107e+00
1.043718712917092084e+01
9.421585064970827261e+00
9.971511511456291998e+00
1.162490381673021567e+01
1.124057961606297162e+01
9.762028936761643294e+00
1.073657974287545969e+01
9.646177875797784296e+00
1.177268991451559721e+01
1.031164571537251717e+01
1.125906023867043970e+01
9.627936019477241203e+00
1.169128513051412455e+01
1.024026754639845471e+01
1.137275459775493758e+01
1.081155385106888289e+01
1.174585459609232174e+01
1.092219839613118637e+01
1.047759361139216594e+01
1.099090740132973387e+01
9.406887921369472494e+00
1.072007393148511056e+01
1.114576684556289976e+01
9.968384057399994447e+00
1.142127916606927229e+01
1.025084674612689994e+01
9.630234464800011551e+00
9.303265115830459564e+00
1.084767285066470777e+01
1.046833583757591946e+01
1.091145707311981283e+01
1.118067812357919877e+01
1.062355103435688797e+01
9.837587427369950177e+00
8.998632255949244652e+00
1.107448639596031192e+01
1.040761413834197491e+01
1.028959296205234430e+01
1.133280003519277024e+01
1.002914848233917056e+01
1.103627603194322759e+01
9.990632719444896281e+00
9.965142453408374124e+00
9.909959106324469857e+00
1.031619721319770733e+01
1.113129580220486581e+01
1.107688517097062864e+01
9.633840804511494937e+00
1.040173620422093848e+01
1.110379657689683164e+01
1.024579857731175281e+01
8.962067810588914440e+00
1.076950241800454577e+01
1.091411109169980875e+01
9.695571212019585161e+00
1.095987455312901915e+01
1.029638230814303412e+01
9.703207783069476733e+00
1.035460416513762816e+01
1.121674345600035494e+01
1.049679656068860822e+01
1.022262598277457357e+01
1.049690573856566900e+01
1.105752718562784942e+01
1.078579108852911261e+01
1.088022735758211113e+01
1.031941809693986478e+01
1.045228148715206729e+01
1.047565164982816022e+01
1.035313088577779972e+01
1.019210976902839150e+01
9.954410319040999156e+00
1.242674825292617591e+01
9.669587032646337121e+00
1.080883638457384066e+01
9.967595893746080904e+00
1.087305838613424491e+01
1.093136260040659735e+01
1.068421390726087772e+01
1.101196588771000151e+01
8.697942701937915189e+00
1.059280853573721792e+01
1.075406619568407862e+01
1.118396102267667302e+01
1.085508041240823651e+01
1.016082010172428163e+01
1.027590257839452725e+01
1.144145329602561922e+01
9.929883374890774661e+00
9.784091039392869504e+00
9.702824790095647245e+00
1.019404654776483987e+01
1.153350711382331895e+01
9.835419890760711326e+00
1.056787327511392682e+01
9.750152928913207617e+00
1.075902858883952717e+01
9.450519809781663838e+00
1.100544161915164132e+01
1.118070879342736568e+01
1.193378183530904302e+01
1.102659262157156839e+01
1.059815147730670759e+01
1.122818764644458156e+01
1.085136082947905578e+01
1.105277645093383754e+01
9.997138635901103854e+00
8.936328126652568926e+00
1.014041243843858808e+01
1.031541489804152256e+01
1.046568143970021225e+01
1.092320990657420410e+01
1.033961786259886573e+01
1.009107807839935944e+01
1.075865832941299693e+01
1.132501267923335142e+01
9.496585895740295769e+00
1.029197116338739804e+01
1.138362639431277756e+01
9.931840753230384067e+00
1.140503203801423560e+01
1.087692372782498040e+01
1.084498783848468584e+01
9.482111942656246129e+00
9.626447065754607735e+00
1.043680303079663574e+01
8.269969011620817767e+00
9.561162919406088534e+00
1.047971569031358285e+01
8.973402483611710778e+00
1.183861819238754975e+01
9.638698253805792149e+00
9.659737140481340134e+00
9.799005593168640615e+00
1.014636703444747390e+01
1.133479326998316061e+01
9.559528476240899408e+00
9.573760304625007933e+00
9.897011839848621761e+00
1.017853104937164410e+01
9.958685753281324438e+00
1.057193607908171451e+01
1.029947675251348116e+01
9.751364776756922481e+00
9.080005161501450317e+00
1.000714650299021358e+01
1.019949921719474339e+01
1.019486622114340157e+01
1.081766455629078294e+01
1.181947488319424089e+01
1.205722779718875337e+01
1.047830777468082886e+01
9.609840752547885501e+00
8.901985703402724326e+00
1.071297319556496142e+01
1.106440800468787522e+01
1.043771302864782946e+01
1.019077936426936759e+01
1.099544592232304474e+01
8.990098829237659572e+00
9.853984999942458245e+00
1.040896207471243251e+01
1.115299168223951831e+01
9.990080185279982317e+00
1.018149941140747927e+01
1.075643872933027545e+01
1.149468176179484935e+01
1.071242510234027456e+01
9.876851531207629264e+00
9.745121779674640550e+00
1.072418053524582504e+01
9.560092445868843214e+00
1.089705299849277687e+01
1.022456414823060733e+01
1.053417389258891745e+01
1.150570471945177431e+01
1.047715224475005158e+01
1.175059660857045785e+01
9.473671073298095990e+00
1.043567817131999398e+01
9.585781590553541065e+00
1.012900786464899028e+01
9.170737893087943959e+00
1.007680250914361686e+01
1.015505502064831411e+01
1.085756287608547233e+01
1.053306847644833866e+01
1.111843667693085536e+01
1.078939347799257220e+01
1.031272890904071460e+01
1.064111619370502915e+01
1.053541487927541631e+01
1.063836019502753238e+01
1.027243174797401792e+01
9.576058359834402012e+00
1.003838285095766025e+01
1.045326370298047891e+01
1.003554702992279424e+01
1.109725824606497468e+01
1.014397308785265572e+01
1.028179209239544534e+01
9.283223706801470243e+00
1.030305558354042361e+01
1.076457000457996038e+01
9.836790317350846635e+00
1.058399769599176388e+01
9.979506279986591011e+00
1.054527873860616971e+01
1.010242024952608197e+01
1.067248687192556034e+01
1.171844095922986817e+01
1.166041309037484552e+01
1.105312619039230881e+01
1.103391393164667456e+01
1.115936870377935541e+01
9.553110159441089877e+00
1.077453360874727295e+01
1.029597683416629827e+01
1.147769488324837717e+01
1.047204321829358342e+01
9.625340926119216434e+00
1.205357524185009055e+01
1.043163277893791729e+01
1.093245780641770359e+01
1.039361726932495067e+01
1.049480466146335722e+01
1.050591170268100605e+01
9.676346900589823719e+00
9.942882282810137085e+00
1.133423763618910485e+01
9.472624279213649245e+00
1.130073724162405568e+01
1.033625969329970751e+01
1.025632335957820906e+01
9.279776446052974137e+00
1.077632862983361584e+01
1.079868457103709112e+01
9.853612456507756079e+00
1.004686401249724526e+01
1.026466459199615677e+01
9.798516262975827118e+00
9.859436698956658418e+00
9.141536006851731955e+00
1.159901591454691427e+01
9.539429652527955383e+00
1.053891070779149963e+01
1.068282362965624621e+01
1.019411452332373358e+01
9.642002134696044280e+00
1.025457346862613406e+01
1.050975836817350917e+01
9.910140146016065188e+00
1.048622433256568875e+01
9.754928925988782140e+00
1.059876291122869674e+01
1.162055267217750831e+01
1.075624514151545519e+01
1.134366045333856832e+01
1.116044029980265329e+01
1.042925039331294457e+01
8.905978172540548243e+00
1.044456071742708758e+01
9.609806865336379289e+00
1.129389256160903621e+01
1.114327553847016006e+01
9.219961830254508328e+00
9.316690197172432519e+00
1.192183775239896271e+01
9.966099851604933946e+00
9.956847407980475850e+00
1.055209905170344342e+01
1.078422166799620996e+01
1.089958962455368052e+01
1.095757925164474855e+01
1.003018312050503624e+01
1.060901619891525094e+01
9.722985724970168775e+00
9.668667253700018449e+00
1.175443469688780596e+01
1.075716462019326514e+01
1.072066595619915397e+01
1.054392910836055819e+01
1.060750984430924326e+01
9.790865172690015328e+00
9.929812731342343213e+00
1.086180719496271685e+01
1.108966622220713738e+01
9.979759220206661396e+00
1.111554057043211685e+01
9.816891796726274322e+00
1.165612946325426158e+01
1.068961758842908516e+01
1.063509135372079051e+01
9.660256102461611150e+00
1.095283460939448617e+01
1.198581005060980331e+01
1.058611591962137055e+01
8.460735792550824641e+00
9.557372084405168167e+00
1.103529749166146168e+01
1.190476450572211853e+01
9.501707435132168200e+00
1.085604412699935928e+01
1.237641361553152386e+01
1.072131481895697114e+01
1.122386259410538756e+01
9.947085019473639989e+00
1.018794351192327419e+01
1.148400029839666736e+01
1.179151572743924703e+01
9.218028785850941986e+00
9.624904906583537922e+00
9.445273507658967560e+00
1.039072597022444278e+01
1.061480956776790485e+01
8.538891459725999056e+00
1.047633164773841585e+01
9.685648433873650376e+00
9.833520219951601860e+00
9.592608736884661980e+00
1.031249847623508664e+01
1.170328219530498082e+01
1.147432100515796982e+01
9.786848415895653019e+00
1.050917309393327947e+01
1.061322263546932732e+01
1.090514556415046776e+01
1.034057058233993942e+01
1.032913978575976621e+01
1.096485270365897513e+01
1.093122310248658202e+01
9.166339997111176530e+00
9.281128198681585673e+00
1.017049275921643847e+01
1.083716872437602063e+01
9.906842044493432198e+00
9.892782628876638285e+00
8.493903803928345653e+00
7.967194911399746005e+00
1.032005919930317894e+01
1.075876652479849582e+01
1.092867397602168111e+01
1.114266010116618766e+01
1.085939971794668324e+01
1.108667579862337149e+01
1.049631106115497836e+01
1.062587765905176518e+01
1.063954449694161930e+01
1.062844981364054675e+01
9.538595279709324970e+00
1.000709651358952712e+01
1.103495926704860253e+01
1.100548745126010530e+01
1.186052934828485306e+01
9.982337736800163341e+00
1.049179787446217382e+01
1.024163723624045019e+01
1.054131923886771993e+01
1.074041436350569967e+01
9.573500708105287416e+00
1.207676334389928741e+01
9.460774627465498909e+00
9.716344930648293854e+00
1.057626350850835628e+01
1.003787736375615758e+01
1.074976307701274614e+01
9.896811571367294391e+00
9.987503435730463508e+00
8.809830844406318917e+00
1.048591962348865536e+01
9.719095821798648061e+00
1.003839142847003707e+01
1.002212144436198216e+01
9.265136125895878649e+00
1.089515096367181002e+01
9.903409073034744381e+00
1.029341949343270457e+01
1.077946489884137016e+01
1.193328904646062050e+01
1.039118835546454278e+01
1.066628314823539725e+01
1.008061167328043517e+01
1.023342298364013025e+01
1.059173048041646403e+01
1.071924999313758597e+01
1.123047845949612089e+01
1.098694118347908777e+01
1.061694021727651815e+01
9.996068671016693941e+00
9.026844891534951287e+00
1.158949162422889501e+01
1.236069422445787325e+01
1.009029094678970573e+01
1.114880721391926954e+01
1.069631125470856148e+01
9.967780766575033979e+00
8.935487783959201735e+00
1.047795988922461952e+01
1.068588348239491026e+01
1.053019199536694295e+01
1.047488017497468249e+01
1.133476263199326439e+01
9.696617755757351631e+00
1.001821354730326874e+01
1.016424290927751883e+01
1.155489362746068949e+01
9.506713794853050459e+00
9.661052677136732214e+00
1.099127405099345545e+01
1.050854138602113608e+01
1.075195065392438742e+01
9.773078811313466119e+00
1.053375917402234307e+01
1.000458106996206098e+01
1.031471195652762773e+01
1.138956680510700714e+01
9.770513152789003897e+00
1.058032477197650501e+01
1.051056440934966751e+01
1.087829523221766514e+01
1.046655781151922149e+01
9.926581263556698786e+00
9.753659315695054843e+00
1.026568989534761478e+01
9.813596749972635536e+00
1.149169222401994439e+01
9.924290140786636627e+00
1.081347791442661688e+01
1.078126574211993294e+01
1.081259655002765108e+01
1.033125312907001181e+01
1.092072004969571886e+01
1.004894025025047455e+01
9.711165430152036038e+00
1.020737909423564460e+01
9.856230377971936463e+00
1.158054017238634614e+01
9.734992054330048106e+00
1.048585824810970735e+01
9.412996556140187820e+00
9.603176693185210056e+00
9.194342216844665572e+00
9.485340382973545204e+00
9.652142343980225192e+00
1.125139023267086280e+01
1.004404621934260966e+01
1.031066095197945742e+01
9.569942901394734136e+00
1.026811407309554447e+01
1.069373159955374675e+01
1.024901137935938067e+01
9.690352932182195289e+00
9.948088829336063199e+00
1.160138388992853109e+01
1.056531189142668481e+01
1.094973840743866589e+01
1.108712909048673900e+01
1.017854933308085918e+01
1.015904439517676927e+01
9.679787895093777905e+00
1.029640224057498088e+01
1.015848880706591650e+01
1.035365877044097793e+01
1.075772187841868899e+01
1.115600461263951715e+01
1.059265348372133708e+01
1.122869685402348061e+01
1.006557427781209846e+01
1.078420284977287125e+01
1.010702454073909884e+01
9.547903178998636164e+00
9.586046617746447396e+00
1.044704497881964400e+01
1.040099779147705306e+01
1.113663862791148773e+01
9.731703156886133854e+00
1.044068123831921646e+01
1.002795910334953433e+01
1.094418363796671123e+01
1.004653442372774741e+01
1.084132730548554235e+01
1.073918803555371682e+01
9.966319824807966299e+00
1.035436562727851317e+01
9.629026551296536951e+00
9.917964887371265803e+00
1.065111565927738546e+01
1.016567174487245495e+01
1.129514494675440339e+01
1.108429892589887977e+01
1.115215668776113134e+01
9.667004273536022652e+00
1.030780477754550617e+01
1.105670748539405324e+01
1.097789428700249381e+01
8.952295466460697071e+00
1.106080720255380356e+01
1.081405246580707136e+01
1.056444391679160688e+01
1.102719186017520059e+01
9.915538613465106010e+00
1.132860660502673156e+01
9.439582586004970466e+00
9.330703017099288843e+00
9.273375499742947170e+00
1.058356418938315535e+01
1.068023367205342389e+01
9.398632307488243853e+00
1.010245992699966244e+01
9.157304465560299533e+00
9.142980283084764181e+00
1.179241889366713991e+01
1.009398479090793543e+01
1.064563367708260522e+01
1.023855948683415384e+01
1.101027244839696095e+01
1.063258234610913888e+01
1.068737812771742135e+01
9.112617740420377643e+00
1.083340979618313327e+01
1.141845513942994828e+01
1.076633460294867817e+01
1.085850539793721659e+01
1.017559779570014555e+01
1.017087635481097507e+01
1.068857417056447545e+01
8.713382631947663270e+00
1.230599603958665256e+01
9.131760685296701041e+00
1.048515856834228543e+01
9.502362941084500747e+00
1.085482028021923995e+01
1.144535269435352554e+01
1.040154559679003121e+01
9.879738609962217311e+00
1.096128874714587553e+01
1.207383910106735314e+01
9.681713463819377807e+00
9.901523382267990669e+00
1.082051802183193345e+01
1.002370230757055936e+01
1.020742491649360595e+01
1.117808785826105122e+01
9.316977473991478575e+00
9.996103403672378818e+00
1.113021467326255554e+01
1.227165285226655200e+01
1.029111383476200814e+01
1.129961370156593503e+01
1.096381604969766421e+01
9.093268183903676416e+00
1.098217617950179203e+01
9.946894791197474106e+00
1.149883561971939727e+01
9.759169917248721404e+00
9.375395535706228856e+00
1.032303975648500760e+01
1.026573489623767621e+01
1.006737373423927551e+01
1.120936436157392535e+01
8.929701443213529544e+00
9.851128617185667125e+00
1.033909920273655914e+01
1.050303299565740645e+01
1.054859668941339379e+01
1.064883343200607158e+01
9.335433844116662883e+00
9.923506699405541198e+00
1.012295698814374489e+01
1.045785794562279669e+01
9.777681730635979562e+00
1.002498958721233713e+01
1.053298417007548515e+01
1.038389637071024829e+01
1.179217603925775570e+01
1.042491744653757912e+01
1.078313940556769523e+01
1.107562067852823162e+01
1.023665422225080235e+01
9.321714532259994357e+00
1.039695354189899312e+01
1.019306338152920155e+01
1.111553111135630267e+01
1.014450546493311123e+01
1.049526807561663766e+01
1.049734563007017663e+01
9.897142875215438451e+00
1.025909816646355388e+01
1.005141431960235288e+01
1.047709744872049420e+01
9.779447268593132847e+00
1.115773190739156284e+01
1.008679450117707077e+01
1.105578099344531040e+01
1.035471657505283716e+01
1.073723413597123333e+01
1.120492058123434376e+01
1.091056196312348092e+01
9.897459053148871533e+00
1.065222785292078456e+01
1.096628189353203275e+01
9.448653424367018161e+00
9.579940346273037477e+00
1.040698253556766240e+01
9.599492893131321480e+00
1.003557611874534317e+01
1.160663077774430896e+01
1.089116320610716215e+01
9.405193743105684234e+00
1.000580306681857579e+01
9.215887767451322432e+00
1.073197115360761700e+01
1.094669564875379386e+01
1.070269967285954849e+01
9.891773504283570162e+00
1.072749117810912090e+01
1.089114591833300594e+01
1.063017290624724076e+01
1.040136405316384227e+01
9.010966875037981438e+00
9.908646288173557082e+00
8.878827081277046673e+00
9.303553627940727822e+00
1.039054648294253802e+01
1.010285358977921710e+01
1.011973555424063420e+01
1.128359029926553170e+01
1.006388180296842094e+01
9.453207723587391698e+00
1.022420714636568562e+01
1.013605292267662605e+01
1.112476499777654659e+01
1.170050065835735076e+01
9.723191467601548510e+00
1.070809857190835856e+01
1.023349624971909400e+01
1.042701765646116741e+01
9.897156743225608011e+00
1.072502412207122369e+01
9.237780836722354394e+00
1.045375382155526545e+01
1.106709770136911786e+01
9.250552492358826484e+00
1.061462805183514035e+01
9.347916145409842059e+00
1.021037061511120569e+01
1.009392546336070318e+01
1.030868597598052538e+01
1.134220906458663158e+01
1.100897408186153648e+01
1.004354322123248799e+01
1.041707507773043595e+01
1.022492808513054285e+01
9.935834693568807552e+00
9.378909370208603491e+00
1.039757778993542381e+01
1.075092831504715640e+01
9.793782261514509813e+00
1.016643428859225295e+01
1.110985421470005718e+01
9.933413226593579282e+00
1.145313139908123645e+01
1.003371904827528027e+01
1.064407254487365684e+01
1.120236589806624927e+01
1.114322543827016077e+01
9.795332260478060604e+00
9.962100174419411758e+00
1.005810264030315437e+01
1.115302799431596981e+01
1.019333291623291693e+01
1.094441928656220675e+01
1.250707600902348560e+01
9.305459768463780534e+00
9.664746156800354981e+00
1.071385773802693464e+01
1.158519021664651483e+01
1.019787114185330346e+01
1.050191166915743501e+01
1.002883430318623681e+01
1.140873511649158445e+01
9.717292920692489844e+00
1.048080895592218731e+01
1.022239281197672867e+01
1.062109862526469506e+01
1.091443147379344403e+01
1.138118768817505000e+01
9.093475005031885772e+00
1.045314737839301600e+01
1.100224599640041490e+01
9.919235855904927845e+00
9.102840773877153069e+00
1.047281764711520857e+01
1.052828531066058737e+01
9.182000206050663138e+00
1.042283122204494106e+01
9.926925023750243327e+00
1.039103008524203986e+01
1.001048932916816625e+01
9.500842657342584374e+00
1.038388601689875301e+01
9.413284523666730408e+00
1.065287659798029374e+01
1.086181453614356407e+01
1.053407930946038462e+01
1.082779690059549260e+01
1.123324683005416880e+01
1.044399927349779844e+01
9.822908119651756920e+00
1.069343255888601973e+01
1.082288818060920477e+01
9.683049273530921042e+00
9.472968784157913547e+00
1.160738262456611203e+01
1.049432811721672998e+01
1.052133581642634219e+01
1.124452964039077685e+01
9.706541320817343887e+00
1.077477316455758327e+01
1.035443892950616807e+01
9.148984304852566751e+00
1.023058651212037340e+01
1.075033148031496388e+01
8.950189831327204359e+00
1.006085214118405702e+01
1.052013169084335686e+01
1.118036393067873568e+01
1.116988037124901290e+01
1.016337424129388012e+01
9.524191155793442221e+00
9.478474975419935333e+00
1.115240976154421837e+01
1.048372858147190101e+01
1.005637061776424090e+01
9.333691769980983821e+00
1.061901306909790144e+01
1.090685987322139106e+01
1.069849910148669814e+01
1.011041761278434414e+01
9.859075077176786550e+00
1.021530994089380862e+01
1.128371210971616811e+01
1.025100357693087894e+01
9.861770348424736099e+00
1.044978783492623542e+01
1.040398615787760761e+01
1.051867025724129689e+01
1.040169462151454915e+01
1.142183175615673285e+01
1.023231966552293670e+01
1.026258249130981426e+01
1.108244261647063844e+01
9.638490289005813949e+00
9.796587116434441356e+00
9.953814864787965178e+00
1.011367184979014056e+01
9.526598032221704315e+00
1.077996662194899180e+01
9.929588564634682868e+00
1.117727875768339096e+01
9.894781791921587910e+00
9.891858039477432030e+00
1.114926245837291674e+01
1.110836240745144110e+01
1.072114814460304366e+01
9.829938940835052819e+00
1.055786764983757742e+01
9.085104435390148225e+00
1.176159760708053348e+01
9.477007921166197946e+00
1.076424117544801007e+01
9.604569853792900958e+00
1.060327909792161094e+01
1.042750417325583712e+01
1.151151395473572592e+01
1.039614463060697425e+01
1.089702797614944352e+01
1.089248284572521541e+01
1.076039440763604382e+01
1.024475663305763362e+01
1.083304119035758895e+01
1.157243123313881483e+01
9.584024932919330553e+00
1.135333833652378033e+01
1.186615850732981947e+01
9.582704392079396172e+00
9.415909361883809225e+00
1.005810596801307710e+01
1.097078980852855068e+01
1.036100357777848124e+01
9.842693692641264036e+00
1.128702237307098599e+01
1.073964521505179803e+01
1.121499998708352308e+01
1.110819195553693639e+01
1.080417831777567805e+01
9.981856794113895148e+00
8.899910088940403696e+00
9.715071407447831930e+00
1.058115252832600106e+01
9.710562329621403421e+00
9.811486498788100974e+00
1.014670124690495356e+01
1.001172516977462301e+01
1.030888882080243540e+01
1.114218154756116874e+01
8.961808865456166728e+00
9.402803141069369985e+00
1.043783589534159795e+01
1.089943907850139837e+01
1.026793257482535182e+01
9.585037797664687886e+00
1.046251841279208072e+01
9.622908843379169852e+00
9.716349596780760933e+00
9.986907926972625305e+00
1.059706738680026561e+01
1.005962038724518592e+01
9.717794471491234987e+00
1.000417545661248120e+01
9.790491226675902325e+00
1.080360389892754824e+01
1.135660503692633938e+01
9.805699792603567388e+00
1.046927824151848263e+01
1.055466624967208311e+01
9.587445562185227033e+00
1.063568025979455101e+01
1.030342843179937518e+01
1.016481196523470310e+01
1.057037293887260176e+01
1.019696366672172694e+01
1.064952578180885290e+01
1.048388918752753973e+01
9.558371203335019217e+00
1.097093765695973033e+01
1.052353529131426946e+01
9.252597307217660827e+00
1.019156595352355232e+01
1.065150712512986075e+01
1.091595248872642721e+01
1.020449037248772939e+01
1.047102523729826373e+01
1.028283229349881545e+01
9.729264631609336078e+00
9.778542221234394205e+00
1.103784883215093338e+01
1.081963494709667728e+01
9.837416116185099924e+00
1.041653936036744810e+01
1.035778490209693992e+01
9.959776769586937917e+00
1.071792746938219665e+01
1.045226724696746246e+01
9.534521793462454653e+00
9.787351800159903803e+00
8.602020021246016057e+00
1.125907034882317959e+01
1.088747785972749504e+01
1.071050112814554467e+01
9.984533440386488934e+00
1.108328172984788651e+01
1.003682570510820149e+01
1.032768057569096598e+01
9.379340565718299771e+00
1.051648375444368533e+01
1.134874887708060243e+01
1.137107883205936432e+01
1.156893909120801034e+01
9.653619928778560677e+00
1.098377091926816007e+01
9.567214149814573076e+00
1.048007402001747934e+01
1.061007341028540907e+01
1.058708310361854110e+01
1.029837824241333344e+01
1.020694962568817843e+01
1.053748895561207277e+01
1.228007869581356104e+01
1.026556159163755488e+01
9.743430427892816326e+00
1.134605761467975960e+01
1.232996772455361878e+01
9.939074030383594049e+00
9.459694234616566888e+00
9.952916870078251321e+00
1.062860655825020650e+01
1.073552481628018818e+01
9.564068940610594538e+00
1.094407553228560559e+01
9.624661649882183312e+00
1.072618464104679070e+01
9.611065191027728716e+00
1.034295884366174434e+01
9.891704336776125928e+00
1.018474864012807046e+01
1.092681335849328050e+01
1.029124794342752303e+01
1.089129219524223302e+01
1.098361025544391367e+01
1.036135341598606985e+01
1.039467725483881999e+01
1.084534034475734998e+01
9.953789421738045817e+00
1.067899713514946214e+01
1.073135984547595179e+01
1.126828595994540372e+01
9.505220857137540946e+00
1.044502273116738067e+01
1.090627734522812986e+01
1.027107210710818030e+01
1.041465146210908621e+01
1.007363588942075872e+01
1.017715335186766445e+01
1.010215336684445120e+01
9.884259676530318117e+00
1.017025485071381574e+01
9.489924317448666713e+00
1.077212756338544608e+01
1.050031827055375899e+01
1.055261342314737405e+01
1.023707156651986239e+01
1.025909749140034322e+01
1.142262112036638122e+01
1.078296300004966390e+01
9.843569106243934996e+00
9.643943006688836306e+00
1.128953717344853835e+01
1.007924062826390355e+01
1.087416115781989490e+01
1.073920769823498134e+01
1.112805117013477485e+01
1.053728939509961648e+01
9.440537183758790363e+00
1.037483208766943221e+01
9.803543085268955792e+00
9.186957064127531325e+00
1.069943446102477402e+01
1.065165408911409806e+01
1.008565995570550022e+01
9.431108622735161262e+00
1.040456181028429405e+01
1.167151616362900590e+01
1.046487189204194479e+01
9.829952795417304046e+00
1.036043876260452024e+01
1.029687145785585045e+01
1.075864568460965387e+01
1.054216624781183498e+01
1.066861101771940668e+01
8.653318608821980007e+00
1.027554615071854194e+01
1.046831728802752970e+01
9.857191112993641369e+00
1.090062640868246824e+01
1.080236350290518033e+01
1.065822743362882186e+01
1.025687844274339078e+01
1.143598729629443511e+01
1.135866370939899461e+01
1.071960350596101108e+01
9.910951659430677907e+00
1.035155376004323280e+01
1.109272554739689909e+01
1.039203735265590289e+01
1.005579213926996474e+01
9.599358715937878372e+00
1.091104324394889957e+01
9.151434032716409206e+00
1.039892176005560032e+01
1.052631540416711786e+01
1.117849401165145551e+01
9.509972107720162882e+00
9.890343224832086833e+00
1.051108289324543144e+01
9.888597129266893049e+00
9.298842853862648639e+00
1.137097935540229976e+01
1.068368902674475862e+01
1.122976512988010889e+01
9.522194407117131831e+00
1.072910504993468628e+01
1.154017542704836252e+01
1.055932269073546870e+01
1.143876383713325140e+01
1.027213563841770672e+01
1.017223081147288077e+01
1.032422027187262081e+01
9.869003617661949335e+00
1.039159936923574001e+01
1.058463054349755694e+01
1.073805771508449958e+01
1.096632716596754342e+01
1.090523740996798985e+01
1.034302670198270135e+01
9.816479971752940514e+00
1.027564739696574669e+01
1.043900536532877510e+01
1.168975792830423011e+01
1.011858805913201920e+01
9.826423279120353627e+00
1.037478214484368522e+01
9.979638655625326038e+00
9.714816880215106920e+00
1.045024803366341182e+01
1.162703386118999305e+01
1.105763185617784927e+01
9.890464093083528141e+00
9.476646455355147936e+00
1.015660518657541012e+01
9.560219167808936547e+00
1.008956102460331827e+01
1.001420026256633911e+01
1.012806084268456530e+01
1.030662454945231943e+01
1.114498949207631462e+01
1.111511577356623626e+01
1.078798049093300726e+01
1.127624844919548153e+01
1.034755210337919884e+01
1.101703188156021440e+01
1.121487547848903610e+01
9.575097762194140216e+00
1.031852803270427898e+01
1.034087306827406216e+01
1.026614954852815487e+01
1.002759291027854438e+01
1.002918493652577681e+01
1.012113333434018259e+01
9.657914683986080107e+00
1.050353044042178396e+01
1.095156488001393491e+01
1.049485955562234807e+01
1.035862316523337157e+01
1.081773974707601482e+01
1.118044134961021108e+01
1.033692950954189271e+01
1.117637837955538060e+01
1.037316464433697760e+01
1.115481279182012386e+01
1.084235945205366392e+01
1.075245380590554234e+01
1.073991415643784109e+01
1.113772560762509478e+01
1.072120883049196927e+01
9.463686169083805666e+00
9.679020392828403985e+00
1.009997762431340895e+01
1.177262239838268165e+01
1.168111138067955679e+01
1.072010571716309535e+01
1.039990265396038893e+01
9.838091685099243477e+00
9.890977707226328519e+00
1.090608576210986413e+01
1.081693746637471598e+01
1.048160490093083119e+01
1.042150322321031020e+01
9.461353771560219172e+00
1.074801154429663086e+01
1.036773381594267995e+01
1.019077366857149869e+01
1.073883604564203509e+01
1.067916551322113605e+01
1.118818039051663327e+01
1.079768014498329265e+01
9.963377142331854230e+00
1.125199472767024211e+01
9.220279960713069656e+00
1.071791757043973270e+01
1.106318275888461677e+01
1.044990432064310681e+01
1.095984276431965299e+01
1.033009858691073823e+01
1.125698801660970716e+01
1.019381306776274876e+01
1.088484060186456759e+01
1.048623485007708567e+01
9.841754360893380849e+00
8.829911465569082907e+00
1.015491523744649527e+01
9.606051799163676463e+00
1.025794990923019689e+01
1.030264824928550027e+01
1.007807048124652027e+01
9.707499113423118331e+00
1.021577984792188332e+01
1.042306308888909427e+01
1.012943020359800350e+01
1.025733967752155706e+01
1.099642157020493016e+01
1.061933924217962755e+01
1.049770747992064202e+01
9.709199570500809173e+00
1.045492647051248092e+01
1.030469044817087365e+01
1.056242589281950472e+01
1.153459589737621904e+01
1.042632240362943641e+01
1.159812471139976608e+01
1.078953599618989756e+01
9.195540455742710506e+00
1.046687347713802119e+01
1.102405775316009517e+01
9.627367306081302090e+00
9.944394973658233994e+00
9.603748655777671672e+00
1.098849652588974379e+01
1.008707376161591540e+01
1.076694783494954599e+01
1.128947500488861166e+01
9.014226042900537195e+00
9.968658188677359533e+00
1.103177420517597085e+01
1.099122706958607232e+01
9.273526208172635066e+00
1.184452248395397689e+01
9.807353112990384147e+00
9.288965319871572035e+00
1.100140100491349315e+01
1.059228971247800466e+01
1.154622694060137533e+01
9.994923261654522051e+00
9.633579494843628410e+00
9.820733654031279514e+00
1.123335764874274645e+01
1.034377827377431025e+01
1.007691553938975737e+01
1.023608878062971606e+01
1.064170438470666014e+01
1.016847488623016282e+01
1.121969621802348271e+01
1.032181915014739992e+01
9.267460707749146209e+00
1.110999410125660702e+01
1.039942912154013044e+01
9.773416165426098701e+00
1.046802146831632285e+01
1.155761143547081637e+01
1.020950362897107588e+01
1.040306541766603665e+01
1.016351013379456880e+01
9.156552628838696251e+00
9.885171724537835658e+00
1.081997523026154795e+01
9.364302631007026534e+00
9.196737784829775109e+00
1.168670684152197659e+01
1.072892653898188620e+01
9.696038548242048805e+00
1.112817116544124474e+01
1.084626389504793842e+01
1.015885476988178127e+01
1.085246535361549114e+01
1.095098308418819144e+01
1.006058867235530485e+01
1.045545326948196774e+01
1.055837217557562724e+01
1.071721425101457470e+01
1.031717728827278791e+01
9.986575677933933193e+00
1.061085006342893244e+01
1.075566921362162454e+01
9.876264353595397338e+00
9.936653531010410489e+00
1.009590303661280508e+01
1.015941070207706964e+01
1.171915308651533749e+01
1.102026425216197048e+01
1.079899791846639268e+01
1.050597402672276992e+01
1.041103357620587211e+01
9.996688282165932193e+00
9.581828343931540815e+00
1.114776486637511432e+01
1.154691286034566922e+01
1.008053173593882690e+01
1.063472650715000434e+01
1.096861115399982189e+01
9.686621019953035372e+00
1.188999093163316978e+01
1.148507431223405817e+01
1.006761639034090905e+01
9.379331839201851651e+00
9.485163752682533200e+00
1.118290897084184010e+01
1.071325229421455560e+01
1.017773268995005509e+01
9.970537484260109551e+00
1.069623459400821908e+01
9.649342477627380177e+00
1.001696702796519389e+01
1.059210702461667708e+01
1.113285413410558355e+01
9.835580564479368348e+00
1.115100260519423436e+01
1.099160707736085918e+01
1.160387742990217141e+01
1.007923408356570150e+01
1.014029332501058889e+01
1.096814684634482795e+01
1.047982245217255048e+01
9.863559886711653846e+00
1.017136323456310620e+01
1.108131623602421456e+01
1.018926281375759402e+01
1.045223995498439784e+01
1.039624000308490892e+01
9.601787706058589222e+00
1.175598445108261814e+01
9.864799749700878806e+00
9.780839868192741093e+00
1.080331659031769576e+01
8.995133378694788462e+00
1.158813180765667639e+01
1.115690372271464170e+01
9.686298743254717181e+00
1.193076461298318591e+01
1.158733647994717586e+01
1.052625484257304755e+01
9.860582559735371788e+00
1.110616310143840124e+01
9.831984965591498593e+00
1.098190328793055137e+01
9.460109746266160968e+00
1.042916570590471537e+01
1.098519193579171827e+01
9.523286836185999249e+00
9.250276790190429921e+00
1.107798386302416027e+01
1.092830762044620840e+01
1.058240949107372764e+01
1.000607030565884870e+01
1.094488226499853845e+01
1.017748725626940320e+01
1.083490677917822964e+01
1.082202485291771765e+01
9.811312695610922674e+00
1.020288289707101903e+01
9.743076920394328155e+00
1.077051337247881513e+01
9.695527831102268124e+00
1.031879429295349482e+01
1.202217989318068803e+01
9.903506367039387470e+00
9.468261216619993093e+00
1.049158868548283863e+01
9.969077636146328913e+00
9.811616171753868798e+00
1.038221536947029833e+01
9.685830796322397518e+00
1.079237565011506561e+01
1.026203047696709802e+01
1.053874040547912649e+01
8.704789372135397940e+00
1.110499701101566394e+01
1.097964641707014266e+01
9.898055117686695326e+00
9.306269958538242904e+00
9.311051937080105034e+00
1.109267073626164546e+01
1.080463675539807866e+01
1.144054748179242154e+01
1.030665597706297021e+01
1.011284801592899818e+01
9.906863108297081055e+00
1.137103633516468371e+01
9.307438701820007765e+00
9.993712529565558000e+00
9.760188989513411073e+00
1.129714250989486146e+01
1.084282223031658710e+01
1.047450092655797782e+01
9.305215214097245280e+00
1.253131695221152775e+01
1.066298805511880943e+01
1.009347308037091473e+01
1.190028084422405819e+01
1.002437175233376010e+01
1.126845117144790720e+01
9.313379918416302417e+00
1.132359314673165862e+01
9.928135892048599587e+00
1.103322235809801732e+01
1.032598633251245168e+01
1.077799756386438901e+01
9.987221438583603117e+00
1.158291417543906476e+01
1.097752342317212104e+01
1.031200906431733877e+01
9.484529608253671640e+00
1.129606502930619882e+01
8.937102580029250731e+00
1.085276734745725236e+01
9.425186542799398381e+00
9.595853871438608351e+00
1.054128908476973869e+01
9.789742859573031808e+00
1.057994457969785884e+01
1.061460104037036167e+01
1.098854134301569196e+01
1.036965052235548690e+01
1.099811344796254531e+01
9.515356207295717184e+00
1.028981582493445934e+01
1.076188615494416467e+01
1.115196910179587064e+01
1.030553259593022375e+01
1.182374016436205899e+01
1.158452317249121499e+01
1.059054994979941178e+01
1.086406674546940820e+01
1.044104697337221843e+01
1.103124070956567060e+01
1.079787324423612382e+01
1.056947963735876428e+01
1.043159361403412611e+01
1.118779325998325547e+01
1.109175786264365371e+01
1.027160887181078053e+01
1.159821304740920489e+01
1.076882049225230276e+01
1.020692270886782715e+01
9.566129082756116730e+00
1.018672967920056038e+01
1.029680271219413790e+01
1.038240841112170010e+01
1.095768429648492948e+01
9.898636774109558445e+00
1.195008772630645311e+01
9.768796313269628939e+00
9.248777159537359793e+00
9.396828311990025995e+00
9.787660111271510033e+00
9.279159033972206316e+00
1.032444511538173515e+01
9.940141937083485146e+00
1.020047165240331744e+01
1.074805454724110909e+01
9.469420516643639374e+00
8.991265410130134583e+00
9.348190288544408588e+00
1.014263753031034732e+01
9.237967952018342643e+00
1.021886773223760692e+01
1.074556125478084923e+01
1.025029618385074492e+01
1.022578550103479422e+01
9.430323685300310288e+00
1.110558428842077738e+01
1.014345559436121214e+01
1.088316195154677501e+01
1.035667620407269673e+01
9.809359138155759439e+00
1.020810743529097486e+01
1.078898201765100850e+01
1.058588180721451977e+01
1.130810241804140759e+01
1.016566086331767060e+01
1.047560787262544224e+01
9.326107377347570448e+00
9.806249905418585655e+00
1.082196816661494765e+01
9.618907420330206293e+00
1.120389423042466603e+01
1.107699922963678318e+01
1.032831558215191237e+01
1.137747403832307924e+01
1.122639566649282727e+01
1.011209206421058227e+01
1.011432587516136294e+01
9.224885652192263308e+00
1.169815381505974727e+01
1.044996893057798459e+01
1.144063890605073475e+01
1.082833304283753328e+01
1.000960273052294625e+01
1.152688885738273683e+01
1.037902135612656096e+01
9.367526882186572479e+00
1.050150146347144364e+01
9.061535762437031849e+00
1.048253491535543347e+01
1.035531085241790095e+01
1.015994065123679668e+01
1.047782417591810855e+01
1.050249989006816165e+01
1.030345933028480054e+01
1.094843528496010521e+01
9.286122135165321367e+00
1.039704429932661789e+01
1.075615581658970932e+01
9.670629501524077298e+00
1.081125617606323175e+01
1.103684489651452161e+01
9.749648522859326150e+00
1.135307862780272536e+01
1.086078609234972880e+01
9.713533396925129182e+00
9.514671135131415269e+00
9.962475211005861198e+00
1.134414382243348385e+01
1.022251428668526785e+01
9.808870400724559957e+00
1.035227221251695795e+01
9.423061782279340548e+00
9.674264501815359907e+00
1.131016874147167961e+01
1.025048036127412665e+01
1.080775533096357144e+01
1.149695105737102985e+01
1.028361772423622966e+01
9.645941258371300009e+00
1.040036252400117434e+01
1.054718401783530446e+01
9.752024653615791294e+00
1.148414680730399162e+01
1.079795509293819045e+01
9.413845901463005816e+00
1.018983095479261181e+01
1.074380761098483283e+01
1.080388461701261171e+01
9.644292672225285301e+00
1.054974531346353572e+01
9.816393016837114516e+00
1.062494572062224485e+01
1.089377219026578025e+01
9.005581594543917490e+00
1.086956040777067578e+01
1.081782048107761263e+01
1.016160296775343141e+01
1.063116422062528876e+01
1.085956582914342405e+01
1.136539270550656511e+01
1.079813710113588243e+01
1.121203157476474210e+01
1.053421196331398058e+01
9.712668668798306371e+00
1.067787054215491516e+01
1.066576380262784163e+01
1.053375348174258086e+01
1.034616560116855766e+01
1.076022189191804657e+01
1.017235680196380976e+01
9.160519269185984470e+00
